# threads 22 vertices 20000000 edges 500000000
# algorithm_time
0.843405
0.831421
0.828364
0.839211
0.844801
0.849315
0.846519
0.848772
0.827954
0.831576
0.838569
0.843627
0.842355
0.842196
0.826262
0.821339
0.835976
0.846318
0.840752
0.840744
0.832289
0.822567
0.831625
0.841438
0.844031
0.84232
0.842455
0.82336
0.829748
0.833877
0.851408
0.843276
0.827105
0.826848
0.826485
0.835398
0.842681
0.842026
0.839992
0.837362
0.828041
0.831382
0.839977
0.852758
0.823533
0.831845
0.828138
0.82587
0.839258
0.842038
