# threads 16 vertices 20000000 edges 500000000
# algorithm_time
0.991843
0.991217
0.990071
0.992828
0.977766
0.986595
0.991382
0.990983
0.986378
0.989245
0.997598
0.98903
0.994117
0.99134
0.969266
0.96389
0.993861
0.990037
0.99361
0.990898
0.992576
0.995103
0.992415
0.990491
0.981736
0.964744
0.990181
0.974524
0.992458
0.995848
0.994326
0.997165
0.992708
0.993556
0.977501
0.962486
0.968282
0.957028
0.954511
0.954259
0.953497
0.957009
0.959958
0.962281
0.962882
0.962893
0.955
0.962467
0.975983
0.976943
