# threads 24 vertices 20000000 edges 500000000
# algorithm_time
0.804491
0.806126
0.800577
0.78826
0.794525
0.786891
0.806942
0.798012
0.794197
0.790362
0.80557
0.802004
0.799473
0.794238
0.796011
0.800996
0.810887
0.787601
0.795269
0.79241
0.802191
0.809242
0.807675
0.80164
0.793267
0.799852
0.802666
0.803347
0.800447
0.791615
0.795356
0.804522
0.80896
0.79992
0.793035
0.802423
0.805762
0.801949
0.802912
0.794046
0.797867
0.802976
0.788044
0.803086
0.794903
0.79423
0.798488
0.812066
0.798351
0.804249
