inputs/500000_nodes_500000000_edges.txt,0,24,500000,500000000,0.443254,0.193658,cc,12
inputs/500000_nodes_500000000_edges.txt,1,24,500000,500000000,0.366784,0.135080,cc,12
inputs/500000_nodes_500000000_edges.txt,2,24,500000,500000000,0.360990,0.130129,cc,12
inputs/500000_nodes_500000000_edges.txt,3,24,500000,500000000,0.361240,0.129789,cc,12
inputs/500000_nodes_500000000_edges.txt,4,24,500000,500000000,0.359308,0.127847,cc,12
inputs/500000_nodes_500000000_edges.txt,5,24,500000,500000000,0.360370,0.128955,cc,12
inputs/500000_nodes_500000000_edges.txt,6,24,500000,500000000,0.360409,0.129562,cc,12
inputs/500000_nodes_500000000_edges.txt,7,24,500000,500000000,0.360817,0.129308,cc,12
inputs/500000_nodes_500000000_edges.txt,8,24,500000,500000000,0.361942,0.130328,cc,12
inputs/500000_nodes_500000000_edges.txt,9,24,500000,500000000,0.361737,0.130154,cc,12
