inputs/500000_nodes_500000000_edges.txt,0,4,500000,500000000,1.240958,0.473278,cc,12
inputs/500000_nodes_500000000_edges.txt,1,4,500000,500000000,1.231287,0.470957,cc,12
inputs/500000_nodes_500000000_edges.txt,2,4,500000,500000000,1.231447,0.470471,cc,12
inputs/500000_nodes_500000000_edges.txt,3,4,500000,500000000,1.229991,0.469429,cc,12
inputs/500000_nodes_500000000_edges.txt,4,4,500000,500000000,1.231180,0.471291,cc,12
inputs/500000_nodes_500000000_edges.txt,5,4,500000,500000000,1.231775,0.470358,cc,12
inputs/500000_nodes_500000000_edges.txt,6,4,500000,500000000,1.230380,0.470053,cc,12
inputs/500000_nodes_500000000_edges.txt,7,4,500000,500000000,1.235100,0.474897,cc,12
inputs/500000_nodes_500000000_edges.txt,8,4,500000,500000000,1.258610,0.498556,cc,12
inputs/500000_nodes_500000000_edges.txt,9,4,500000,500000000,1.235901,0.476683,cc,12
