inputs/1000000_nodes_500000000_edges.txt,0,48,10000000,500000000,5.817468,0.595058,cc,350251
inputs/1000000_nodes_500000000_edges.txt,1,48,10000000,500000000,5.627494,0.490692,cc,350251
inputs/1000000_nodes_500000000_edges.txt,2,48,10000000,500000000,5.619995,0.486131,cc,350251
inputs/1000000_nodes_500000000_edges.txt,3,48,10000000,500000000,5.629588,0.472374,cc,350251
inputs/1000000_nodes_500000000_edges.txt,4,48,10000000,500000000,5.633411,0.464671,cc,350251
inputs/1000000_nodes_500000000_edges.txt,5,48,10000000,500000000,5.628021,0.467917,cc,350251
inputs/1000000_nodes_500000000_edges.txt,6,48,10000000,500000000,5.631616,0.471724,cc,350251
inputs/1000000_nodes_500000000_edges.txt,7,48,10000000,500000000,5.629244,0.466689,cc,350251
inputs/1000000_nodes_500000000_edges.txt,8,48,10000000,500000000,5.634253,0.469478,cc,350251
inputs/1000000_nodes_500000000_edges.txt,9,48,10000000,500000000,5.625988,0.469734,cc,350251
