inputs/1000000_nodes_500000000_edges.txt,0,1,10000000,500000000,12.107274,0.076071,cc,350251
inputs/1000000_nodes_500000000_edges.txt,1,1,10000000,500000000,12.100273,0.076084,cc,350251
inputs/1000000_nodes_500000000_edges.txt,2,1,10000000,500000000,12.095721,0.076078,cc,350251
inputs/1000000_nodes_500000000_edges.txt,3,1,10000000,500000000,12.089259,0.076180,cc,350251
inputs/1000000_nodes_500000000_edges.txt,4,1,10000000,500000000,12.090285,0.076113,cc,350251
inputs/1000000_nodes_500000000_edges.txt,5,1,10000000,500000000,12.155806,0.076092,cc,350251
inputs/1000000_nodes_500000000_edges.txt,6,1,10000000,500000000,12.103064,0.075919,cc,350251
inputs/1000000_nodes_500000000_edges.txt,7,1,10000000,500000000,12.102114,0.075921,cc,350251
inputs/1000000_nodes_500000000_edges.txt,8,1,10000000,500000000,12.096287,0.076907,cc,350251
inputs/1000000_nodes_500000000_edges.txt,9,1,10000000,500000000,12.101754,0.076103,cc,350251
