inputs/1000000_nodes_500000000_edges.txt,0,44,10000000,500000000,5.796950,0.583798,cc,350251
inputs/1000000_nodes_500000000_edges.txt,1,44,10000000,500000000,5.769696,0.456046,cc,350251
inputs/1000000_nodes_500000000_edges.txt,2,44,10000000,500000000,5.602334,0.407794,cc,350251
inputs/1000000_nodes_500000000_edges.txt,3,44,10000000,500000000,5.589726,0.433478,cc,350251
inputs/1000000_nodes_500000000_edges.txt,4,44,10000000,500000000,5.569432,0.394586,cc,350251
inputs/1000000_nodes_500000000_edges.txt,5,44,10000000,500000000,5.552449,0.383213,cc,350251
inputs/1000000_nodes_500000000_edges.txt,6,44,10000000,500000000,5.546797,0.385880,cc,350251
inputs/1000000_nodes_500000000_edges.txt,7,44,10000000,500000000,5.576036,0.395318,cc,350251
inputs/1000000_nodes_500000000_edges.txt,8,44,10000000,500000000,5.551511,0.396923,cc,350251
inputs/1000000_nodes_500000000_edges.txt,9,44,10000000,500000000,5.554541,0.384867,cc,350251
