inputs/500000_nodes_500000000_edges.txt,0,56,500000,500000000,0.401504,0.193474,cc,12
inputs/500000_nodes_500000000_edges.txt,1,56,500000,500000000,0.290920,0.093988,cc,12
inputs/500000_nodes_500000000_edges.txt,2,56,500000,500000000,0.287891,0.092410,cc,12
inputs/500000_nodes_500000000_edges.txt,3,56,500000,500000000,0.269732,0.073869,cc,12
inputs/500000_nodes_500000000_edges.txt,4,56,500000,500000000,0.263347,0.067966,cc,12
inputs/500000_nodes_500000000_edges.txt,5,56,500000,500000000,0.264439,0.068299,cc,12
inputs/500000_nodes_500000000_edges.txt,6,56,500000,500000000,0.275872,0.080433,cc,12
inputs/500000_nodes_500000000_edges.txt,7,56,500000,500000000,0.263923,0.068672,cc,12
inputs/500000_nodes_500000000_edges.txt,8,56,500000,500000000,0.262847,0.067241,cc,12
inputs/500000_nodes_500000000_edges.txt,9,56,500000,500000000,0.264813,0.068819,cc,12
