inputs/500000_nodes_500000000_edges.txt,0,1,500000,500000000,3.407175,0.003302,cc,12
inputs/500000_nodes_500000000_edges.txt,1,1,500000,500000000,3.398752,0.003270,cc,12
inputs/500000_nodes_500000000_edges.txt,2,1,500000,500000000,3.391575,0.003271,cc,12
inputs/500000_nodes_500000000_edges.txt,3,1,500000,500000000,3.395594,0.003271,cc,12
inputs/500000_nodes_500000000_edges.txt,4,1,500000,500000000,3.399611,0.003268,cc,12
inputs/500000_nodes_500000000_edges.txt,5,1,500000,500000000,3.399926,0.003267,cc,12
inputs/500000_nodes_500000000_edges.txt,6,1,500000,500000000,3.394753,0.003266,cc,12
inputs/500000_nodes_500000000_edges.txt,7,1,500000,500000000,3.395013,0.003255,cc,12
inputs/500000_nodes_500000000_edges.txt,8,1,500000,500000000,3.395595,0.003264,cc,12
inputs/500000_nodes_500000000_edges.txt,9,1,500000,500000000,3.399402,0.003271,cc,12
