inputs/1000000_nodes_500000000_edges.txt,0,32,10000000,500000000,5.762443,0.543450,cc,350251
inputs/1000000_nodes_500000000_edges.txt,1,32,10000000,500000000,5.599057,0.413373,cc,350251
inputs/1000000_nodes_500000000_edges.txt,2,32,10000000,500000000,5.619544,0.439997,cc,350251
inputs/1000000_nodes_500000000_edges.txt,3,32,10000000,500000000,5.638511,0.468937,cc,350251
inputs/1000000_nodes_500000000_edges.txt,4,32,10000000,500000000,5.635942,0.441856,cc,350251
inputs/1000000_nodes_500000000_edges.txt,5,32,10000000,500000000,5.644129,0.462377,cc,350251
inputs/1000000_nodes_500000000_edges.txt,6,32,10000000,500000000,5.633676,0.441687,cc,350251
inputs/1000000_nodes_500000000_edges.txt,7,32,10000000,500000000,5.772820,0.430413,cc,350251
inputs/1000000_nodes_500000000_edges.txt,8,32,10000000,500000000,5.633518,0.440893,cc,350251
inputs/1000000_nodes_500000000_edges.txt,9,32,10000000,500000000,5.641612,0.444007,cc,350251
