inputs/500000_nodes_500000000_edges.txt,0,48,500000,500000000,0.489337,0.280168,cc,12
inputs/500000_nodes_500000000_edges.txt,1,48,500000,500000000,0.293202,0.095768,cc,12
inputs/500000_nodes_500000000_edges.txt,2,48,500000,500000000,0.284138,0.087512,cc,12
inputs/500000_nodes_500000000_edges.txt,3,48,500000,500000000,0.285138,0.088593,cc,12
inputs/500000_nodes_500000000_edges.txt,4,48,500000,500000000,0.284834,0.087404,cc,12
inputs/500000_nodes_500000000_edges.txt,5,48,500000,500000000,0.274798,0.077505,cc,12
inputs/500000_nodes_500000000_edges.txt,6,48,500000,500000000,0.273515,0.076143,cc,12
inputs/500000_nodes_500000000_edges.txt,7,48,500000,500000000,0.276199,0.079643,cc,12
inputs/500000_nodes_500000000_edges.txt,8,48,500000,500000000,0.279064,0.081916,cc,12
inputs/500000_nodes_500000000_edges.txt,9,48,500000,500000000,0.277320,0.080598,cc,12
