inputs/500000_nodes_500000000_edges.txt,0,2,500000,500000000,1.943515,0.504518,cc,12
inputs/500000_nodes_500000000_edges.txt,1,2,500000,500000000,1.934376,0.500339,cc,12
inputs/500000_nodes_500000000_edges.txt,2,2,500000,500000000,1.942091,0.506911,cc,12
inputs/500000_nodes_500000000_edges.txt,3,2,500000,500000000,1.936393,0.501639,cc,12
inputs/500000_nodes_500000000_edges.txt,4,2,500000,500000000,1.942901,0.506461,cc,12
inputs/500000_nodes_500000000_edges.txt,5,2,500000,500000000,1.927820,0.493023,cc,12
inputs/500000_nodes_500000000_edges.txt,6,2,500000,500000000,1.938090,0.502110,cc,12
inputs/500000_nodes_500000000_edges.txt,7,2,500000,500000000,1.920529,0.484212,cc,12
inputs/500000_nodes_500000000_edges.txt,8,2,500000,500000000,1.936558,0.500317,cc,12
inputs/500000_nodes_500000000_edges.txt,9,2,500000,500000000,1.933116,0.497036,cc,12
