inputs/500000_nodes_500000000_edges.txt,0,40,500000,500000000,0.465322,0.246364,cc,12
inputs/500000_nodes_500000000_edges.txt,1,40,500000,500000000,0.324656,0.117343,cc,12
inputs/500000_nodes_500000000_edges.txt,2,40,500000,500000000,0.321389,0.115886,cc,12
inputs/500000_nodes_500000000_edges.txt,3,40,500000,500000000,0.327917,0.122285,cc,12
inputs/500000_nodes_500000000_edges.txt,4,40,500000,500000000,0.325966,0.120164,cc,12
inputs/500000_nodes_500000000_edges.txt,5,40,500000,500000000,0.325068,0.118738,cc,12
inputs/500000_nodes_500000000_edges.txt,6,40,500000,500000000,0.324651,0.118963,cc,12
inputs/500000_nodes_500000000_edges.txt,7,40,500000,500000000,0.322268,0.116524,cc,12
inputs/500000_nodes_500000000_edges.txt,8,40,500000,500000000,0.326061,0.120335,cc,12
inputs/500000_nodes_500000000_edges.txt,9,40,500000,500000000,0.323386,0.117584,cc,12
