inputs/500000_nodes_500000000_edges.txt,0,32,500000,500000000,0.491759,0.258161,cc,12
inputs/500000_nodes_500000000_edges.txt,1,32,500000,500000000,0.378337,0.156450,cc,12
inputs/500000_nodes_500000000_edges.txt,2,32,500000,500000000,0.337327,0.116290,cc,12
inputs/500000_nodes_500000000_edges.txt,3,32,500000,500000000,0.334756,0.114211,cc,12
inputs/500000_nodes_500000000_edges.txt,4,32,500000,500000000,0.337465,0.117202,cc,12
inputs/500000_nodes_500000000_edges.txt,5,32,500000,500000000,0.338693,0.117887,cc,12
inputs/500000_nodes_500000000_edges.txt,6,32,500000,500000000,0.333047,0.112605,cc,12
inputs/500000_nodes_500000000_edges.txt,7,32,500000,500000000,0.336257,0.115048,cc,12
inputs/500000_nodes_500000000_edges.txt,8,32,500000,500000000,0.333152,0.112323,cc,12
inputs/500000_nodes_500000000_edges.txt,9,32,500000,500000000,0.332973,0.112935,cc,12
