inputs/500000_nodes_500000000_edges.txt,0,60,500000,500000000,0.377445,0.180275,cc,12
inputs/500000_nodes_500000000_edges.txt,1,60,500000,500000000,0.269200,0.081089,cc,12
inputs/500000_nodes_500000000_edges.txt,2,60,500000,500000000,0.285100,0.098491,cc,12
inputs/500000_nodes_500000000_edges.txt,3,60,500000,500000000,0.276692,0.089725,cc,12
inputs/500000_nodes_500000000_edges.txt,4,60,500000,500000000,0.279774,0.092526,cc,12
inputs/500000_nodes_500000000_edges.txt,5,60,500000,500000000,0.280840,0.094197,cc,12
inputs/500000_nodes_500000000_edges.txt,6,60,500000,500000000,0.274585,0.087969,cc,12
inputs/500000_nodes_500000000_edges.txt,7,60,500000,500000000,0.276630,0.089916,cc,12
inputs/500000_nodes_500000000_edges.txt,8,60,500000,500000000,0.275375,0.088716,cc,12
inputs/500000_nodes_500000000_edges.txt,9,60,500000,500000000,0.276671,0.089813,cc,12
