inputs/1000000_nodes_500000000_edges.txt,0,4,10000000,500000000,6.944662,0.601397,cc,350251
inputs/1000000_nodes_500000000_edges.txt,1,4,10000000,500000000,7.014312,0.709224,cc,350251
inputs/1000000_nodes_500000000_edges.txt,2,4,10000000,500000000,6.919971,0.634163,cc,350251
inputs/1000000_nodes_500000000_edges.txt,3,4,10000000,500000000,6.916934,0.642277,cc,350251
inputs/1000000_nodes_500000000_edges.txt,4,4,10000000,500000000,6.918937,0.632067,cc,350251
inputs/1000000_nodes_500000000_edges.txt,5,4,10000000,500000000,6.908926,0.620559,cc,350251
inputs/1000000_nodes_500000000_edges.txt,6,4,10000000,500000000,6.926265,0.631159,cc,350251
inputs/1000000_nodes_500000000_edges.txt,7,4,10000000,500000000,6.913446,0.631825,cc,350251
inputs/1000000_nodes_500000000_edges.txt,8,4,10000000,500000000,6.904165,0.635823,cc,350251
inputs/1000000_nodes_500000000_edges.txt,9,4,10000000,500000000,6.942797,0.630930,cc,350251
