inputs/500000_nodes_500000000_edges.txt,0,64,500000,500000000,0.414915,0.218351,cc,12
inputs/500000_nodes_500000000_edges.txt,1,64,500000,500000000,0.264276,0.078310,cc,12
inputs/500000_nodes_500000000_edges.txt,2,64,500000,500000000,0.272312,0.087845,cc,12
inputs/500000_nodes_500000000_edges.txt,3,64,500000,500000000,0.266856,0.081853,cc,12
inputs/500000_nodes_500000000_edges.txt,4,64,500000,500000000,0.269309,0.084526,cc,12
inputs/500000_nodes_500000000_edges.txt,5,64,500000,500000000,0.266650,0.081363,cc,12
inputs/500000_nodes_500000000_edges.txt,6,64,500000,500000000,0.270973,0.085697,cc,12
inputs/500000_nodes_500000000_edges.txt,7,64,500000,500000000,0.266921,0.082022,cc,12
inputs/500000_nodes_500000000_edges.txt,8,64,500000,500000000,0.254822,0.070385,cc,12
inputs/500000_nodes_500000000_edges.txt,9,64,500000,500000000,0.255071,0.070190,cc,12
