inputs/1000000_nodes_500000000_edges.txt,0,18,10000000,500000000,6.207639,0.617658,cc,350251
inputs/1000000_nodes_500000000_edges.txt,1,18,10000000,500000000,6.195015,0.636181,cc,350251
inputs/1000000_nodes_500000000_edges.txt,2,18,10000000,500000000,6.166673,0.647036,cc,350251
inputs/1000000_nodes_500000000_edges.txt,3,18,10000000,500000000,6.230375,0.699427,cc,350251
inputs/1000000_nodes_500000000_edges.txt,4,18,10000000,500000000,6.178399,0.645386,cc,350251
inputs/1000000_nodes_500000000_edges.txt,5,18,10000000,500000000,6.215179,0.645728,cc,350251
inputs/1000000_nodes_500000000_edges.txt,6,18,10000000,500000000,6.179928,0.641319,cc,350251
inputs/1000000_nodes_500000000_edges.txt,7,18,10000000,500000000,6.200406,0.644179,cc,350251
inputs/1000000_nodes_500000000_edges.txt,8,18,10000000,500000000,6.178876,0.643730,cc,350251
inputs/1000000_nodes_500000000_edges.txt,9,18,10000000,500000000,6.204708,0.645703,cc,350251
