inputs/1000000_nodes_500000000_edges.txt,0,36,10000000,500000000,5.891682,0.663591,cc,350251
inputs/1000000_nodes_500000000_edges.txt,1,36,10000000,500000000,5.686112,0.487119,cc,350251
inputs/1000000_nodes_500000000_edges.txt,2,36,10000000,500000000,5.657611,0.484966,cc,350251
inputs/1000000_nodes_500000000_edges.txt,3,36,10000000,500000000,5.692639,0.491539,cc,350251
inputs/1000000_nodes_500000000_edges.txt,4,36,10000000,500000000,5.645266,0.453582,cc,350251
inputs/1000000_nodes_500000000_edges.txt,5,36,10000000,500000000,5.655029,0.472637,cc,350251
inputs/1000000_nodes_500000000_edges.txt,6,36,10000000,500000000,5.641723,0.470262,cc,350251
inputs/1000000_nodes_500000000_edges.txt,7,36,10000000,500000000,5.664575,0.475971,cc,350251
inputs/1000000_nodes_500000000_edges.txt,8,36,10000000,500000000,5.656445,0.468210,cc,350251
inputs/1000000_nodes_500000000_edges.txt,9,36,10000000,500000000,5.646435,0.459134,cc,350251
