inputs/2000000_nodes_500000000_edges.txt,0,4,20000000,500000000,12.363602,0.684175,cc,1638646
inputs/2000000_nodes_500000000_edges.txt,1,4,20000000,500000000,12.341655,0.691961,cc,1638646
inputs/2000000_nodes_500000000_edges.txt,2,4,20000000,500000000,12.298710,0.661492,cc,1638646
inputs/2000000_nodes_500000000_edges.txt,3,4,20000000,500000000,12.312915,0.659878,cc,1638646
inputs/2000000_nodes_500000000_edges.txt,4,4,20000000,500000000,12.297885,0.664409,cc,1638646
inputs/2000000_nodes_500000000_edges.txt,5,4,20000000,500000000,12.296530,0.659671,cc,1638646
inputs/2000000_nodes_500000000_edges.txt,6,4,20000000,500000000,12.340456,0.663338,cc,1638646
inputs/2000000_nodes_500000000_edges.txt,7,4,20000000,500000000,12.318729,0.659401,cc,1638646
inputs/2000000_nodes_500000000_edges.txt,8,4,20000000,500000000,12.310600,0.660412,cc,1638646
inputs/2000000_nodes_500000000_edges.txt,9,4,20000000,500000000,12.313329,0.658361,cc,1638646
