inputs/1000000_nodes_500000000_edges.txt,0,8,10000000,500000000,6.493777,0.713714,cc,350251
inputs/1000000_nodes_500000000_edges.txt,1,8,10000000,500000000,6.162557,0.480578,cc,350251
inputs/1000000_nodes_500000000_edges.txt,2,8,10000000,500000000,6.180240,0.509334,cc,350251
inputs/1000000_nodes_500000000_edges.txt,3,8,10000000,500000000,6.249740,0.528331,cc,350251
inputs/1000000_nodes_500000000_edges.txt,4,8,10000000,500000000,6.191996,0.509639,cc,350251
inputs/1000000_nodes_500000000_edges.txt,5,8,10000000,500000000,6.197775,0.505543,cc,350251
inputs/1000000_nodes_500000000_edges.txt,6,8,10000000,500000000,6.178205,0.514126,cc,350251
inputs/1000000_nodes_500000000_edges.txt,7,8,10000000,500000000,6.213746,0.492945,cc,350251
inputs/1000000_nodes_500000000_edges.txt,8,8,10000000,500000000,6.168201,0.500147,cc,350251
inputs/1000000_nodes_500000000_edges.txt,9,8,10000000,500000000,6.203271,0.517376,cc,350251
