inputs/1000000_nodes_500000000_edges.txt,0,16,10000000,500000000,6.311150,0.717441,cc,350251
inputs/1000000_nodes_500000000_edges.txt,1,16,10000000,500000000,6.148216,0.594525,cc,350251
inputs/1000000_nodes_500000000_edges.txt,2,16,10000000,500000000,6.192251,0.633120,cc,350251
inputs/1000000_nodes_500000000_edges.txt,3,16,10000000,500000000,6.243739,0.676581,cc,350251
inputs/1000000_nodes_500000000_edges.txt,4,16,10000000,500000000,6.206936,0.628033,cc,350251
inputs/1000000_nodes_500000000_edges.txt,5,16,10000000,500000000,6.240082,0.621777,cc,350251
inputs/1000000_nodes_500000000_edges.txt,6,16,10000000,500000000,6.211006,0.628354,cc,350251
inputs/1000000_nodes_500000000_edges.txt,7,16,10000000,500000000,6.234515,0.621894,cc,350251
inputs/1000000_nodes_500000000_edges.txt,8,16,10000000,500000000,6.216875,0.632913,cc,350251
inputs/1000000_nodes_500000000_edges.txt,9,16,10000000,500000000,6.226183,0.634024,cc,350251
