inputs/500000_nodes_500000000_edges.txt,0,44,500000,500000000,0.432235,0.219554,cc,12
inputs/500000_nodes_500000000_edges.txt,1,44,500000,500000000,0.303912,0.103727,cc,12
inputs/500000_nodes_500000000_edges.txt,2,44,500000,500000000,0.293252,0.094261,cc,12
inputs/500000_nodes_500000000_edges.txt,3,44,500000,500000000,0.294975,0.095891,cc,12
inputs/500000_nodes_500000000_edges.txt,4,44,500000,500000000,0.293183,0.094113,cc,12
inputs/500000_nodes_500000000_edges.txt,5,44,500000,500000000,0.294244,0.095269,cc,12
inputs/500000_nodes_500000000_edges.txt,6,44,500000,500000000,0.295949,0.096876,cc,12
inputs/500000_nodes_500000000_edges.txt,7,44,500000,500000000,0.293139,0.094089,cc,12
inputs/500000_nodes_500000000_edges.txt,8,44,500000,500000000,0.293308,0.094135,cc,12
inputs/500000_nodes_500000000_edges.txt,9,44,500000,500000000,0.293473,0.094439,cc,12
