inputs/2000000_nodes_500000000_edges.txt,0,1,20000000,500000000,18.291190,0.133031,cc,1638646
inputs/2000000_nodes_500000000_edges.txt,1,1,20000000,500000000,18.265630,0.132922,cc,1638646
inputs/2000000_nodes_500000000_edges.txt,2,1,20000000,500000000,18.327112,0.132382,cc,1638646
inputs/2000000_nodes_500000000_edges.txt,3,1,20000000,500000000,18.279267,0.132238,cc,1638646
inputs/2000000_nodes_500000000_edges.txt,4,1,20000000,500000000,18.286109,0.132266,cc,1638646
inputs/2000000_nodes_500000000_edges.txt,5,1,20000000,500000000,19.785040,0.132310,cc,1638646
inputs/2000000_nodes_500000000_edges.txt,6,1,20000000,500000000,18.276074,0.132615,cc,1638646
inputs/2000000_nodes_500000000_edges.txt,7,1,20000000,500000000,18.285069,0.131724,cc,1638646
inputs/2000000_nodes_500000000_edges.txt,8,1,20000000,500000000,18.553181,0.132481,cc,1638646
inputs/2000000_nodes_500000000_edges.txt,9,1,20000000,500000000,18.264401,0.131810,cc,1638646
