inputs/500000_nodes_500000000_edges.txt,0,28,500000,500000000,0.504606,0.268344,cc,12
inputs/500000_nodes_500000000_edges.txt,1,28,500000,500000000,0.380620,0.155550,cc,12
inputs/500000_nodes_500000000_edges.txt,2,28,500000,500000000,0.349025,0.124977,cc,12
inputs/500000_nodes_500000000_edges.txt,3,28,500000,500000000,0.344263,0.119800,cc,12
inputs/500000_nodes_500000000_edges.txt,4,28,500000,500000000,0.344687,0.120951,cc,12
inputs/500000_nodes_500000000_edges.txt,5,28,500000,500000000,0.349846,0.125586,cc,12
inputs/500000_nodes_500000000_edges.txt,6,28,500000,500000000,0.346850,0.122590,cc,12
inputs/500000_nodes_500000000_edges.txt,7,28,500000,500000000,0.347028,0.122646,cc,12
inputs/500000_nodes_500000000_edges.txt,8,28,500000,500000000,0.349703,0.125966,cc,12
inputs/500000_nodes_500000000_edges.txt,9,28,500000,500000000,0.347562,0.123219,cc,12
