inputs/1000000_nodes_500000000_edges.txt,0,24,10000000,500000000,5.753391,0.610678,cc,350251
inputs/1000000_nodes_500000000_edges.txt,1,24,10000000,500000000,5.558589,0.450399,cc,350251
inputs/1000000_nodes_500000000_edges.txt,2,24,10000000,500000000,5.502758,0.412158,cc,350251
inputs/1000000_nodes_500000000_edges.txt,3,24,10000000,500000000,5.505429,0.402507,cc,350251
inputs/1000000_nodes_500000000_edges.txt,4,24,10000000,500000000,5.495976,0.401136,cc,350251
inputs/1000000_nodes_500000000_edges.txt,5,24,10000000,500000000,5.491488,0.383559,cc,350251
inputs/1000000_nodes_500000000_edges.txt,6,24,10000000,500000000,5.484899,0.380443,cc,350251
inputs/1000000_nodes_500000000_edges.txt,7,24,10000000,500000000,5.492509,0.382892,cc,350251
inputs/1000000_nodes_500000000_edges.txt,8,24,10000000,500000000,5.475926,0.377210,cc,350251
inputs/1000000_nodes_500000000_edges.txt,9,24,10000000,500000000,5.477125,0.375557,cc,350251
