inputs/2000000_nodes_500000000_edges.txt,0,2,20000000,500000000,13.765850,0.598624,cc,1638646
inputs/2000000_nodes_500000000_edges.txt,1,2,20000000,500000000,13.761904,0.627959,cc,1638646
inputs/2000000_nodes_500000000_edges.txt,2,2,20000000,500000000,13.675757,0.589790,cc,1638646
inputs/2000000_nodes_500000000_edges.txt,3,2,20000000,500000000,13.746522,0.532798,cc,1638646
inputs/2000000_nodes_500000000_edges.txt,4,2,20000000,500000000,13.706766,0.605459,cc,1638646
inputs/2000000_nodes_500000000_edges.txt,5,2,20000000,500000000,13.694385,0.594677,cc,1638646
inputs/2000000_nodes_500000000_edges.txt,6,2,20000000,500000000,13.662908,0.562107,cc,1638646
inputs/2000000_nodes_500000000_edges.txt,7,2,20000000,500000000,13.698018,0.595332,cc,1638646
inputs/2000000_nodes_500000000_edges.txt,8,2,20000000,500000000,13.684047,0.562333,cc,1638646
inputs/2000000_nodes_500000000_edges.txt,9,2,20000000,500000000,13.672723,0.571717,cc,1638646
