inputs/1000000_nodes_500000000_edges.txt,0,28,10000000,500000000,5.861333,0.603388,cc,350251
inputs/1000000_nodes_500000000_edges.txt,1,28,10000000,500000000,5.624185,0.426514,cc,350251
inputs/1000000_nodes_500000000_edges.txt,2,28,10000000,500000000,5.643406,0.456758,cc,350251
inputs/1000000_nodes_500000000_edges.txt,3,28,10000000,500000000,5.647281,0.462504,cc,350251
inputs/1000000_nodes_500000000_edges.txt,4,28,10000000,500000000,5.633569,0.457421,cc,350251
inputs/1000000_nodes_500000000_edges.txt,5,28,10000000,500000000,5.631004,0.461473,cc,350251
inputs/1000000_nodes_500000000_edges.txt,6,28,10000000,500000000,5.640442,0.447683,cc,350251
inputs/1000000_nodes_500000000_edges.txt,7,28,10000000,500000000,5.643505,0.458637,cc,350251
inputs/1000000_nodes_500000000_edges.txt,8,28,10000000,500000000,5.630951,0.451120,cc,350251
inputs/1000000_nodes_500000000_edges.txt,9,28,10000000,500000000,5.632681,0.450402,cc,350251
