inputs/500000_nodes_500000000_edges.txt,0,52,500000,500000000,0.405360,0.201056,cc,12
inputs/500000_nodes_500000000_edges.txt,1,52,500000,500000000,0.297922,0.104039,cc,12
inputs/500000_nodes_500000000_edges.txt,2,52,500000,500000000,0.303818,0.110328,cc,12
inputs/500000_nodes_500000000_edges.txt,3,52,500000,500000000,0.305720,0.112560,cc,12
inputs/500000_nodes_500000000_edges.txt,4,52,500000,500000000,0.307498,0.114686,cc,12
inputs/500000_nodes_500000000_edges.txt,5,52,500000,500000000,0.301839,0.108730,cc,12
inputs/500000_nodes_500000000_edges.txt,6,52,500000,500000000,0.301082,0.108576,cc,12
inputs/500000_nodes_500000000_edges.txt,7,52,500000,500000000,0.304376,0.110813,cc,12
inputs/500000_nodes_500000000_edges.txt,8,52,500000,500000000,0.304224,0.110986,cc,12
inputs/500000_nodes_500000000_edges.txt,9,52,500000,500000000,0.311159,0.117807,cc,12
