inputs/1000000_nodes_500000000_edges.txt,0,20,10000000,500000000,5.593548,0.437604,cc,350251
inputs/1000000_nodes_500000000_edges.txt,1,20,10000000,500000000,5.535099,0.420335,cc,350251
inputs/1000000_nodes_500000000_edges.txt,2,20,10000000,500000000,5.517077,0.431901,cc,350251
inputs/1000000_nodes_500000000_edges.txt,3,20,10000000,500000000,5.491384,0.453535,cc,350251
inputs/1000000_nodes_500000000_edges.txt,4,20,10000000,500000000,5.486467,0.464233,cc,350251
inputs/1000000_nodes_500000000_edges.txt,5,20,10000000,500000000,5.481163,0.433391,cc,350251
inputs/1000000_nodes_500000000_edges.txt,6,20,10000000,500000000,5.482980,0.463310,cc,350251
inputs/1000000_nodes_500000000_edges.txt,7,20,10000000,500000000,5.498088,0.424645,cc,350251
inputs/1000000_nodes_500000000_edges.txt,8,20,10000000,500000000,5.492326,0.416932,cc,350251
inputs/1000000_nodes_500000000_edges.txt,9,20,10000000,500000000,5.497959,0.431331,cc,350251
