inputs/500000_nodes_500000000_edges.txt,0,36,500000,500000000,0.442504,0.216150,cc,12
inputs/500000_nodes_500000000_edges.txt,1,36,500000,500000000,0.342135,0.127919,cc,12
inputs/500000_nodes_500000000_edges.txt,2,36,500000,500000000,0.341596,0.128751,cc,12
inputs/500000_nodes_500000000_edges.txt,3,36,500000,500000000,0.347164,0.134114,cc,12
inputs/500000_nodes_500000000_edges.txt,4,36,500000,500000000,0.341256,0.128038,cc,12
inputs/500000_nodes_500000000_edges.txt,5,36,500000,500000000,0.346348,0.133551,cc,12
inputs/500000_nodes_500000000_edges.txt,6,36,500000,500000000,0.341348,0.128067,cc,12
inputs/500000_nodes_500000000_edges.txt,7,36,500000,500000000,0.340774,0.127622,cc,12
inputs/500000_nodes_500000000_edges.txt,8,36,500000,500000000,0.340381,0.127136,cc,12
inputs/500000_nodes_500000000_edges.txt,9,36,500000,500000000,0.341433,0.128012,cc,12
