inputs/2000000_nodes_500000000_edges.txt,0,8,20000000,500000000,11.716077,0.795169,cc,1638646
inputs/2000000_nodes_500000000_edges.txt,1,8,20000000,500000000,11.604797,0.807896,cc,1638646
inputs/2000000_nodes_500000000_edges.txt,2,8,20000000,500000000,11.578726,0.684197,cc,1638646
inputs/2000000_nodes_500000000_edges.txt,3,8,20000000,500000000,11.465327,0.680784,cc,1638646
inputs/2000000_nodes_500000000_edges.txt,4,8,20000000,500000000,11.476266,0.681155,cc,1638646
inputs/2000000_nodes_500000000_edges.txt,5,8,20000000,500000000,11.462043,0.681906,cc,1638646
inputs/2000000_nodes_500000000_edges.txt,6,8,20000000,500000000,11.462654,0.680909,cc,1638646
inputs/2000000_nodes_500000000_edges.txt,7,8,20000000,500000000,11.463658,0.681030,cc,1638646
inputs/2000000_nodes_500000000_edges.txt,8,8,20000000,500000000,11.461608,0.681125,cc,1638646
inputs/2000000_nodes_500000000_edges.txt,9,8,20000000,500000000,11.509225,0.709678,cc,1638646
