inputs/1000000_nodes_500000000_edges.txt,0,2,10000000,500000000,8.437681,0.666454,cc,350251
inputs/1000000_nodes_500000000_edges.txt,1,2,10000000,500000000,8.472722,0.752276,cc,350251
inputs/1000000_nodes_500000000_edges.txt,2,2,10000000,500000000,8.452183,0.719606,cc,350251
inputs/1000000_nodes_500000000_edges.txt,3,2,10000000,500000000,8.428921,0.697479,cc,350251
inputs/1000000_nodes_500000000_edges.txt,4,2,10000000,500000000,8.455955,0.726449,cc,350251
inputs/1000000_nodes_500000000_edges.txt,5,2,10000000,500000000,8.441619,0.705234,cc,350251
inputs/1000000_nodes_500000000_edges.txt,6,2,10000000,500000000,8.473074,0.736250,cc,350251
inputs/1000000_nodes_500000000_edges.txt,7,2,10000000,500000000,8.448726,0.718868,cc,350251
inputs/1000000_nodes_500000000_edges.txt,8,2,10000000,500000000,8.452897,0.727410,cc,350251
inputs/1000000_nodes_500000000_edges.txt,9,2,10000000,500000000,8.437611,0.710820,cc,350251
