inputs/2000000_nodes_500000000_edges.txt,0,16,20000000,500000000,12.040215,1.105011,cc,1638646
inputs/2000000_nodes_500000000_edges.txt,1,16,20000000,500000000,12.069552,1.096461,cc,1638646
inputs/2000000_nodes_500000000_edges.txt,2,16,20000000,500000000,11.833510,0.940744,cc,1638646
inputs/2000000_nodes_500000000_edges.txt,3,16,20000000,500000000,11.821024,0.939034,cc,1638646
inputs/2000000_nodes_500000000_edges.txt,4,16,20000000,500000000,11.837934,0.943323,cc,1638646
inputs/2000000_nodes_500000000_edges.txt,5,16,20000000,500000000,11.819324,0.939322,cc,1638646
inputs/2000000_nodes_500000000_edges.txt,6,16,20000000,500000000,11.861644,0.964368,cc,1638646
inputs/2000000_nodes_500000000_edges.txt,7,16,20000000,500000000,11.818758,0.939581,cc,1638646
inputs/2000000_nodes_500000000_edges.txt,8,16,20000000,500000000,11.820666,0.939214,cc,1638646
inputs/2000000_nodes_500000000_edges.txt,9,16,20000000,500000000,11.828320,0.940068,cc,1638646
