inputs/500000_nodes_500000000_edges.txt,0,8,500000,500000000,0.909542,0.451521,cc,12
inputs/500000_nodes_500000000_edges.txt,1,8,500000,500000000,0.894597,0.444303,cc,12
inputs/500000_nodes_500000000_edges.txt,2,8,500000,500000000,0.895067,0.445093,cc,12
inputs/500000_nodes_500000000_edges.txt,3,8,500000,500000000,0.729480,0.278353,cc,12
inputs/500000_nodes_500000000_edges.txt,4,8,500000,500000000,0.726166,0.277037,cc,12
inputs/500000_nodes_500000000_edges.txt,5,8,500000,500000000,0.727080,0.276232,cc,12
inputs/500000_nodes_500000000_edges.txt,6,8,500000,500000000,0.729365,0.279745,cc,12
inputs/500000_nodes_500000000_edges.txt,7,8,500000,500000000,0.730514,0.280538,cc,12
inputs/500000_nodes_500000000_edges.txt,8,8,500000,500000000,0.729282,0.279229,cc,12
inputs/500000_nodes_500000000_edges.txt,9,8,500000,500000000,0.729426,0.279542,cc,12
