inputs/500000_nodes_500000000_edges.txt,0,20,500000,500000000,0.552761,0.289893,cc,12
inputs/500000_nodes_500000000_edges.txt,1,20,500000,500000000,0.410576,0.166684,cc,12
inputs/500000_nodes_500000000_edges.txt,2,20,500000,500000000,0.410832,0.166843,cc,12
inputs/500000_nodes_500000000_edges.txt,3,20,500000,500000000,0.412382,0.169131,cc,12
inputs/500000_nodes_500000000_edges.txt,4,20,500000,500000000,0.408599,0.165362,cc,12
inputs/500000_nodes_500000000_edges.txt,5,20,500000,500000000,0.409844,0.166590,cc,12
inputs/500000_nodes_500000000_edges.txt,6,20,500000,500000000,0.410706,0.167563,cc,12
inputs/500000_nodes_500000000_edges.txt,7,20,500000,500000000,0.412887,0.169299,cc,12
inputs/500000_nodes_500000000_edges.txt,8,20,500000,500000000,0.413240,0.169432,cc,12
inputs/500000_nodes_500000000_edges.txt,9,20,500000,500000000,0.412108,0.168062,cc,12
