inputs/1000000_nodes_500000000_edges.txt,0,12,10000000,500000000,6.192185,0.641945,cc,350251
inputs/1000000_nodes_500000000_edges.txt,1,12,10000000,500000000,6.085953,0.547463,cc,350251
inputs/1000000_nodes_500000000_edges.txt,2,12,10000000,500000000,6.117571,0.577644,cc,350251
inputs/1000000_nodes_500000000_edges.txt,3,12,10000000,500000000,6.156243,0.603599,cc,350251
inputs/1000000_nodes_500000000_edges.txt,4,12,10000000,500000000,6.110912,0.569879,cc,350251
inputs/1000000_nodes_500000000_edges.txt,5,12,10000000,500000000,6.154261,0.579111,cc,350251
inputs/1000000_nodes_500000000_edges.txt,6,12,10000000,500000000,6.118464,0.566801,cc,350251
inputs/1000000_nodes_500000000_edges.txt,7,12,10000000,500000000,6.135581,0.568438,cc,350251
inputs/1000000_nodes_500000000_edges.txt,8,12,10000000,500000000,6.115081,0.569111,cc,350251
inputs/1000000_nodes_500000000_edges.txt,9,12,10000000,500000000,6.135592,0.567729,cc,350251
