inputs/500000_nodes_500000000_edges.txt,0,16,500000,500000000,0.625690,0.300842,cc,12
inputs/500000_nodes_500000000_edges.txt,1,16,500000,500000000,0.513428,0.193929,cc,12
inputs/500000_nodes_500000000_edges.txt,2,16,500000,500000000,0.513046,0.193211,cc,12
inputs/500000_nodes_500000000_edges.txt,3,16,500000,500000000,0.513307,0.193359,cc,12
inputs/500000_nodes_500000000_edges.txt,4,16,500000,500000000,0.513160,0.193771,cc,12
inputs/500000_nodes_500000000_edges.txt,5,16,500000,500000000,0.512540,0.192995,cc,12
inputs/500000_nodes_500000000_edges.txt,6,16,500000,500000000,0.513036,0.193757,cc,12
inputs/500000_nodes_500000000_edges.txt,7,16,500000,500000000,0.513006,0.193042,cc,12
inputs/500000_nodes_500000000_edges.txt,8,16,500000,500000000,0.512913,0.193618,cc,12
inputs/500000_nodes_500000000_edges.txt,9,16,500000,500000000,0.514061,0.195085,cc,12
