inputs/1000000_nodes_500000000_edges.txt,0,40,10000000,500000000,5.831346,0.587149,cc,350251
inputs/1000000_nodes_500000000_edges.txt,1,40,10000000,500000000,5.692996,0.486817,cc,350251
inputs/1000000_nodes_500000000_edges.txt,2,40,10000000,500000000,5.634262,0.432860,cc,350251
inputs/1000000_nodes_500000000_edges.txt,3,40,10000000,500000000,5.653372,0.465403,cc,350251
inputs/1000000_nodes_500000000_edges.txt,4,40,10000000,500000000,5.639898,0.438623,cc,350251
inputs/1000000_nodes_500000000_edges.txt,5,40,10000000,500000000,5.635917,0.433521,cc,350251
inputs/1000000_nodes_500000000_edges.txt,6,40,10000000,500000000,5.635277,0.437320,cc,350251
inputs/1000000_nodes_500000000_edges.txt,7,40,10000000,500000000,5.631136,0.431275,cc,350251
inputs/1000000_nodes_500000000_edges.txt,8,40,10000000,500000000,5.666899,0.454498,cc,350251
inputs/1000000_nodes_500000000_edges.txt,9,40,10000000,500000000,5.647643,0.433066,cc,350251
