inputs/500000_nodes_500000000_edges.txt,0,12,500000,500000000,0.648329,0.270432,cc,12
inputs/500000_nodes_500000000_edges.txt,1,12,500000,500000000,0.565992,0.196264,cc,12
inputs/500000_nodes_500000000_edges.txt,2,12,500000,500000000,0.565626,0.196220,cc,12
inputs/500000_nodes_500000000_edges.txt,3,12,500000,500000000,0.565722,0.195338,cc,12
inputs/500000_nodes_500000000_edges.txt,4,12,500000,500000000,0.567863,0.198635,cc,12
inputs/500000_nodes_500000000_edges.txt,5,12,500000,500000000,0.566552,0.196363,cc,12
inputs/500000_nodes_500000000_edges.txt,6,12,500000,500000000,0.565336,0.196789,cc,12
inputs/500000_nodes_500000000_edges.txt,7,12,500000,500000000,0.565795,0.196206,cc,12
inputs/500000_nodes_500000000_edges.txt,8,12,500000,500000000,0.565373,0.195429,cc,12
inputs/500000_nodes_500000000_edges.txt,9,12,500000,500000000,0.566796,0.197225,cc,12
