inputs/2000000_nodes_500000000_edges.txt,0,12,20000000,500000000,11.709710,0.945230,cc,1638646
inputs/2000000_nodes_500000000_edges.txt,1,12,20000000,500000000,11.673886,0.939295,cc,1638646
inputs/2000000_nodes_500000000_edges.txt,2,12,20000000,500000000,11.609027,0.823503,cc,1638646
inputs/2000000_nodes_500000000_edges.txt,3,12,20000000,500000000,11.590074,0.817513,cc,1638646
inputs/2000000_nodes_500000000_edges.txt,4,12,20000000,500000000,11.639174,0.830958,cc,1638646
inputs/2000000_nodes_500000000_edges.txt,5,12,20000000,500000000,11.594511,0.818966,cc,1638646
inputs/2000000_nodes_500000000_edges.txt,6,12,20000000,500000000,11.623057,0.838851,cc,1638646
inputs/2000000_nodes_500000000_edges.txt,7,12,20000000,500000000,11.634542,0.818975,cc,1638646
inputs/2000000_nodes_500000000_edges.txt,8,12,20000000,500000000,11.592928,0.818056,cc,1638646
inputs/2000000_nodes_500000000_edges.txt,9,12,20000000,500000000,11.590177,0.818312,cc,1638646
