inputs/500000_nodes_500000000_edges.txt,0,18,500000,500000000,0.576931,0.270307,cc,12
inputs/500000_nodes_500000000_edges.txt,1,18,500000,500000000,0.554151,0.254042,cc,12
inputs/500000_nodes_500000000_edges.txt,2,18,500000,500000000,0.554212,0.253950,cc,12
inputs/500000_nodes_500000000_edges.txt,3,18,500000,500000000,0.554527,0.254191,cc,12
inputs/500000_nodes_500000000_edges.txt,4,18,500000,500000000,0.554122,0.253326,cc,12
inputs/500000_nodes_500000000_edges.txt,5,18,500000,500000000,0.553969,0.253974,cc,12
inputs/500000_nodes_500000000_edges.txt,6,18,500000,500000000,0.554082,0.253725,cc,12
inputs/500000_nodes_500000000_edges.txt,7,18,500000,500000000,0.554135,0.253875,cc,12
inputs/500000_nodes_500000000_edges.txt,8,18,500000,500000000,0.554650,0.254283,cc,12
inputs/500000_nodes_500000000_edges.txt,9,18,500000,500000000,0.556869,0.255563,cc,12
