# threads 15 vertices 500000 edges 500000000
# algorithm_time
0.930796
0.930277
0.929955
0.930484
0.930919
0.929998
0.930368
0.930797
0.92959
0.930098
0.930005
0.930381
0.929055
0.930423
0.930049
0.930532
0.929256
0.929825
0.931663
0.930107
0.929663
0.929898
0.931481
0.930554
0.930233
0.930458
0.930018
0.93036
0.929948
0.929255
0.930317
0.930469
0.930237
0.930416
0.9295
0.929862
0.929741
0.931136
0.930186
0.930558
0.931267
0.930114
0.930865
0.929932
0.930059
0.931054
0.930676
0.931415
0.929658
0.930028
