# threads 27 vertices 500000 edges 500000000
# algorithm_time
0.595511
0.594022
0.593581
0.593575
0.593429
0.593681
0.594275
0.59351
0.593961
0.593615
0.594136
0.594612
0.593715
0.594195
0.594271
0.594049
0.594252
0.594591
0.59417
0.59399
0.593358
0.59425
0.593229
0.593151
0.595414
0.594329
0.594373
0.595137
0.593846
0.594177
0.594556
0.593595
0.594016
0.593877
0.594139
0.593904
0.593937
0.594463
0.59395
0.594456
0.594421
0.592543
0.593506
0.594444
0.593497
0.593376
0.594018
0.59417
0.59393
0.592899
