# threads 29 vertices 500000 edges 500000000
# algorithm_time
0.566856
0.565084
0.564934
0.564722
0.566303
0.564011
0.564591
0.564699
0.564707
0.56496
0.563597
0.564124
0.563171
0.565264
0.56431
0.564188
0.564445
0.565151
0.564943
0.564669
0.564984
0.565212
0.564573
0.564509
0.563899
0.565367
0.564321
0.565666
0.563982
0.56459
0.564809
0.564596
0.564819
0.564213
0.564395
0.564285
0.564679
0.564243
0.5642
0.564151
0.563952
0.565309
0.564608
0.564015
0.564005
0.563777
0.565095
0.565119
0.565018
0.565114
