# threads 31 vertices 500000 edges 500000000
# algorithm_time
0.543738
0.542221
0.54175
0.542452
0.542062
0.542098
0.542253
0.541721
0.541737
0.541909
0.5422
0.541669
0.54226
0.54195
0.542258
0.542873
0.54205
0.541816
0.541589
0.542409
0.542456
0.542509
0.541963
0.543126
0.542735
0.541708
0.541739
0.54183
0.541621
0.541818
0.541803
0.542307
0.542355
0.541133
0.541766
0.542011
0.542277
0.541547
0.541803
0.541928
0.541311
0.540412
0.541216
0.541295
0.541421
0.542772
0.542708
0.542714
0.541995
0.542225
