# threads 20 vertices 500000 edges 500000000
# algorithm_time
0.739724
0.737593
0.73837
0.738176
0.737855
0.739547
0.738897
0.739858
0.739773
0.738544
0.738342
0.738454
0.739187
0.738513
0.739414
0.738849
0.739201
0.737552
0.738676
0.739365
0.737808
0.738906
0.738454
0.739009
0.739174
0.738152
0.739375
0.738964
0.739555
0.739298
0.738542
0.740107
0.739718
0.738271
0.737973
0.739478
0.739547
0.73949
0.738644
0.740132
0.738265
0.737958
0.739425
0.737657
0.737583
0.73938
0.739146
0.738828
0.738486
0.739496
