# threads 25 vertices 500000 edges 500000000
# algorithm_time
0.626708
0.624802
0.624726
0.625403
0.626283
0.625498
0.625984
0.625204
0.625844
0.626049
0.626326
0.626223
0.626616
0.624979
0.625916
0.62503
0.625562
0.62629
0.625417
0.624657
0.625301
0.626
0.62548
0.625716
0.625451
0.625906
0.627112
0.625423
0.626083
0.624629
0.625527
0.625841
0.623919
0.624313
0.626059
0.624457
0.624642
0.624577
0.625319
0.625579
0.626526
0.626012
0.624047
0.625664
0.62449
0.624399
0.625826
0.624341
0.625293
0.626429
