# threads 24 vertices 500000 edges 500000000
# algorithm_time
0.643576
0.643123
0.641072
0.642106
0.642585
0.640764
0.643059
0.641864
0.640469
0.642243
0.640581
0.642913
0.641931
0.641965
0.642863
0.642693
0.641292
0.641706
0.642027
0.640872
0.641477
0.64187
0.640705
0.641395
0.641055
0.641148
0.64154
0.640654
0.642968
0.642179
0.642293
0.64215
0.642091
0.642822
0.641022
0.642931
0.642009
0.641276
0.642008
0.642937
0.641116
0.64326
0.642153
0.64302
0.64296
0.641683
0.641488
0.64293
0.641377
0.641667
