# threads 28 vertices 500000 edges 500000000
# algorithm_time
0.577829
0.575878
0.57607
0.577062
0.574729
0.575716
0.57594
0.576436
0.576277
0.576878
0.57573
0.576064
0.576326
0.575679
0.576667
0.575472
0.577045
0.575873
0.57633
0.576
0.575965
0.575785
0.575494
0.575467
0.577452
0.576376
0.575666
0.5764
0.575673
0.574865
0.576855
0.57542
0.576197
0.574919
0.57654
0.576836
0.575846
0.57619
0.575871
0.575191
0.576509
0.576212
0.577287
0.575608
0.574937
0.576337
0.576318
0.574531
0.575914
0.576581
