# threads 17 vertices 500000 edges 500000000
# algorithm_time
0.864022
0.843018
0.842549
0.841875
0.842358
0.842284
0.841155
0.841095
0.842686
0.841595
0.841986
0.841977
0.842918
0.84228
0.8423
0.842011
0.842696
0.841737
0.842289
0.842256
0.843118
0.84171
0.842419
0.842077
0.842248
0.84246
0.84293
0.842284
0.842901
0.842212
0.842241
0.842516
0.84179
0.843357
0.841884
0.843168
0.841669
0.841462
0.84166
0.841993
0.841934
0.842005
0.842189
0.842666
0.842212
0.84222
0.84184
0.841149
0.842459
0.842558
