# threads 21 vertices 500000 edges 500000000
# algorithm_time
0.716479
0.715288
0.715892
0.715792
0.716862
0.715751
0.716158
0.716439
0.715916
0.71536
0.717935
0.715048
0.71506
0.716875
0.716962
0.715638
0.716827
0.715832
0.7158
0.715573
0.715138
0.71606
0.716343
0.716918
0.716328
0.716088
0.715962
0.717122
0.716795
0.716992
0.715925
0.716117
0.717059
0.716513
0.716279
0.716791
0.715969
0.716203
0.714793
0.717041
0.716138
0.71588
0.716191
0.716832
0.716527
0.716505
0.71677
0.715988
0.717359
0.717131
