# threads 18 vertices 500000 edges 500000000
# algorithm_time
0.802379
0.800966
0.800262
0.800898
0.801786
0.800569
0.801745
0.802549
0.799542
0.800864
0.801181
0.801816
0.801223
0.800173
0.801315
0.800784
0.801454
0.801293
0.801715
0.801714
0.800897
0.801045
0.801258
0.800177
0.800266
0.800348
0.801725
0.801137
0.80194
0.800588
0.802593
0.800481
0.800268
0.799504
0.799947
0.799936
0.800459
0.800877
0.801058
0.799248
0.800845
0.800435
0.800854
0.801393
0.800028
0.801982
0.801191
0.801554
0.800194
0.800534
