# threads 26 vertices 500000 edges 500000000
# algorithm_time
0.608189
0.605359
0.605014
0.605279
0.604825
0.606389
0.605866
0.605666
0.606466
0.606412
0.606056
0.605038
0.605719
0.604757
0.605355
0.605263
0.605433
0.605172
0.605225
0.605795
0.605822
0.606606
0.605897
0.60629
0.606162
0.605305
0.604699
0.605287
0.605274
0.604517
0.604932
0.604129
0.604923
0.60497
0.605565
0.604874
0.604804
0.605018
0.60522
0.605763
0.605653
0.60545
0.606051
0.604056
0.604715
0.604825
0.605271
0.603559
0.605914
0.605157
