# threads 16 vertices 500000 edges 500000000
# algorithm_time
0.890194
0.88936
0.889087
0.889128
0.888425
0.889577
0.889509
0.888666
0.888277
0.889246
0.889289
0.889965
0.889737
0.88919
0.890212
0.888955
0.889128
0.889382
0.889472
0.890076
0.888954
0.89007
0.889057
0.889157
0.889734
0.890613
0.888595
0.887859
0.889566
0.890071
0.889256
0.89022
0.889339
0.88919
0.888417
0.889325
0.889573
0.889746
0.889474
0.890229
0.889688
0.88933
0.889659
0.889298
0.888563
0.889357
0.89003
0.888654
0.890543
0.891084
