# threads 22 vertices 500000 edges 500000000
# algorithm_time
0.686939
0.687411
0.687182
0.686364
0.686082
0.685234
0.68717
0.687309
0.686692
0.686676
0.686158
0.687449
0.687357
0.686858
0.6852
0.687137
0.687259
0.685919
0.684327
0.685566
0.6867
0.687562
0.686631
0.686126
0.687307
0.686322
0.686976
0.687753
0.685824
0.685434
0.685661
0.686839
0.686737
0.685621
0.686259
0.685608
0.685879
0.687299
0.686941
0.686199
0.687748
0.686512
0.686966
0.686249
0.686014
0.685495
0.686708
0.687167
0.687259
0.686435
