# threads 32 vertices 500000 edges 500000000
# algorithm_time
0.537368
0.535814
0.535743
0.535961
0.535736
0.53522
0.535355
0.536317
0.535338
0.535886
0.535606
0.535473
0.535769
0.535538
0.536499
0.53611
0.535001
0.53508
0.53514
0.535138
0.5352
0.535089
0.535441
0.53512
0.535388
0.534599
0.534975
0.535366
0.535768
0.535492
0.535998
0.535363
0.534338
0.535602
0.535635
0.535393
0.535781
0.53521
0.535192
0.535869
0.535492
0.534977
0.53506
0.535205
0.535096
0.535796
0.535877
0.535878
0.535944
0.535163
