# threads 14 vertices 500000 edges 500000000
# algorithm_time
0.981471
0.982385
0.981439
0.982256
0.981635
0.981375
0.98186
0.981531
0.981793
0.982862
0.981993
0.980689
0.981444
0.981777
0.98352
0.982101
0.981998
0.982605
0.982148
0.981006
0.981498
0.981605
0.981349
0.980938
0.982136
0.982109
0.982461
0.981392
0.981812
0.981877
0.982171
0.98152
0.982073
0.982017
0.981955
0.981817
0.980919
0.981929
0.982319
0.98308
0.981493
0.981846
0.982375
0.981776
0.981581
0.981624
0.982757
0.98245
0.982588
0.980743
