# threads 23 vertices 500000 edges 500000000
# algorithm_time
0.66573
0.665312
0.665878
0.666078
0.664209
0.665455
0.665547
0.663837
0.665621
0.665145
0.664866
0.665127
0.664763
0.66568
0.664756
0.664776
0.664623
0.663059
0.664333
0.664762
0.665429
0.666362
0.665041
0.664876
0.664299
0.665541
0.663652
0.666237
0.663818
0.66496
0.666002
0.663799
0.664347
0.666134
0.665178
0.664575
0.663601
0.665614
0.664492
0.6654
0.664266
0.663274
0.663966
0.664922
0.664098
0.66465
0.664961
0.663724
0.66433
0.665369
