# threads 30 vertices 500000 edges 500000000
# algorithm_time
0.551757
0.551927
0.550979
0.551417
0.551721
0.551947
0.550134
0.551404
0.551658
0.551732
0.551451
0.551138
0.551068
0.55086
0.550988
0.551221
0.550594
0.550741
0.550876
0.551465
0.551063
0.551223
0.55105
0.551484
0.551316
0.550939
0.551037
0.551884
0.549137
0.551699
0.551113
0.552032
0.551199
0.551296
0.550486
0.551237
0.550784
0.550646
0.550574
0.550978
0.550583
0.550559
0.551827
0.551048
0.551697
0.550404
0.55047
0.551602
0.551297
0.551235
