# threads 19 vertices 500000 edges 500000000
# algorithm_time
0.773674
0.7724
0.772296
0.772508
0.772754
0.772053
0.773513
0.772677
0.773087
0.771283
0.773543
0.773202
0.772905
0.7729
0.772559
0.771996
0.773471
0.774344
0.773191
0.773008
0.772489
0.772221
0.772194
0.772055
0.77323
0.771841
0.772539
0.772704
0.773217
0.772952
0.773569
0.772324
0.771985
0.771717
0.772861
0.77128
0.772986
0.772577
0.771838
0.772163
0.772204
0.77166
0.772553
0.773342
0.77336
0.772508
0.773102
0.772241
0.772256
0.772656
