# threads 18 vertices 500000 edges 500000000
# algorithm_time
0.931476
0.930286
0.930265
0.930314
0.927908
0.927894
0.93022
0.930191
0.92994
0.930235
0.930432
0.929989
0.929941
0.929965
0.930111
0.928012
0.928159
0.930236
0.930168
0.930426
0.930063
0.930423
0.930268
0.930172
0.930073
0.930009
0.925713
0.93093
0.930385
0.930195
0.930192
0.930151
0.930207
0.930145
0.930022
0.930348
0.930071
0.923107
0.930191
0.930176
0.930299
0.930119
0.930383
0.930209
0.930135
0.93019
0.930244
0.927992
0.928067
0.930186
