# threads 24 vertices 10000000 edges 500000000
# algorithm_time
0.884454
0.885072
0.885814
0.886796
0.887915
0.889341
0.890516
0.88914
0.886767
0.887183
0.885325
0.884031
0.885498
0.886824
0.888422
0.888669
0.889849
0.887201
0.887297
0.885464
0.885018
0.886637
0.883599
0.888206
0.889192
0.889867
0.887877
0.882505
0.883684
0.882596
0.883657
0.884991
0.888372
0.889454
0.891666
0.888843
0.888531
0.884612
0.885218
0.886906
0.88647
0.883384
0.885857
0.889954
0.888155
0.887423
0.88537
0.885615
0.887589
0.883406
