# threads 17 vertices 500000 edges 500000000
# algorithm_time
0.987186
0.983552
0.98315
0.983207
0.969161
0.98348
0.983304
0.983475
0.983147
0.983452
0.983062
0.98295
0.983138
0.983236
0.969879
0.983479
0.983137
0.982997
0.983133
0.983182
0.983277
0.98327
0.983479
0.983295
0.970681
0.983406
0.98303
0.983469
0.983124
0.982996
0.983239
0.983154
0.98344
0.983519
0.971668
0.98286
0.983155
0.98323
0.983583
0.983261
0.983173
0.982994
0.983012
0.983514
0.98337
0.984466
0.983479
0.983191
0.983261
0.983203
