# threads 28 vertices 10000000 edges 500000000
# algorithm_time
0.80146
0.796774
0.796632
0.797938
0.797632
0.797121
0.796055
0.796783
0.793582
0.796187
0.794686
0.797595
0.795882
0.797632
0.796288
0.798329
0.795446
0.799922
0.796803
0.797799
0.793473
0.798084
0.797207
0.799168
0.795965
0.799246
0.796568
0.800073
0.795433
0.799924
0.79524
0.797633
0.795565
0.79653
0.79697
0.798657
0.795709
0.796838
0.79617
0.798743
0.7948
0.796348
0.7981
0.79849
0.798709
0.795562
0.798409
0.798229
0.798418
0.798391
