# threads 30 vertices 10000000 edges 500000000
# algorithm_time
0.760429
0.757479
0.758355
0.758291
0.759472
0.757639
0.757962
0.758806
0.759313
0.756917
0.758898
0.758834
0.760005
0.757477
0.758692
0.75861
0.758888
0.757453
0.757542
0.758025
0.758283
0.760508
0.759847
0.758406
0.758372
0.758384
0.757663
0.759454
0.757892
0.758698
0.758951
0.759324
0.757346
0.757675
0.758727
0.760051
0.760511
0.759196
0.758255
0.760265
0.75962
0.758432
0.760809
0.759773
0.757831
0.758538
0.757944
0.759716
0.758822
0.757156
