# threads 28 vertices 500000 edges 500000000
# algorithm_time
0.6575
0.656918
0.657118
0.656899
0.657013
0.656914
0.656922
0.657044
0.656999
0.657156
0.657115
0.657037
0.657465
0.656952
0.656704
0.65687
0.657209
0.656997
0.656836
0.656791
0.656771
0.657047
0.656847
0.656859
0.657018
0.656724
0.657108
0.657073
0.658376
0.656805
0.656849
0.657136
0.656904
0.656766
0.65667
0.656748
0.657278
0.657029
0.656909
0.656826
0.657158
0.656623
0.657053
0.657012
0.657171
0.656915
0.657315
0.657018
0.656974
0.65691
