# threads 27 vertices 500000 edges 500000000
# algorithm_time
0.691763
0.690374
0.690046
0.690289
0.690414
0.690315
0.690585
0.690148
0.690496
0.690391
0.690112
0.690173
0.689897
0.690397
0.690017
0.689821
0.690327
0.690521
0.690295
0.690409
0.689552
0.690385
0.690459
0.690293
0.68991
0.690457
0.690112
0.690309
0.690484
0.690359
0.690407
0.690428
0.690049
0.690128
0.689968
0.691899
0.690058
0.69018
0.690484
0.690369
0.690224
0.690219
0.690252
0.690328
0.690131
0.690218
0.690445
0.690693
0.690331
0.690164
