# threads 31 vertices 10000000 edges 500000000
# algorithm_time
0.741334
0.739169
0.741446
0.740293
0.739457
0.740435
0.740734
0.741828
0.740193
0.742467
0.74025
0.742507
0.741975
0.740661
0.741071
0.742066
0.74134
0.741441
0.741732
0.742737
0.74098
0.741056
0.741695
0.741358
0.742798
0.741727
0.740065
0.741616
0.740265
0.740646
0.742203
0.740526
0.740383
0.742076
0.740473
0.741119
0.739946
0.742886
0.73958
0.742747
0.740841
0.743757
0.740751
0.742098
0.742476
0.740929
0.741099
0.741178
0.742214
0.742098
