# threads 25 vertices 20000000 edges 500000000
# algorithm_time
0.777152
0.781598
0.790208
0.783812
0.771652
0.777562
0.782001
0.784442
0.780927
0.773964
0.778557
0.78626
0.786314
0.784766
0.778172
0.780023
0.791898
0.776354
0.775066
0.775513
0.779865
0.785518
0.777783
0.773431
0.777594
0.783862
0.788549
0.778269
0.772152
0.783902
0.768876
0.783899
0.782175
0.777375
0.779611
0.788027
0.781598
0.77622
0.778155
0.785397
0.786759
0.777646
0.771685
0.779687
0.788593
0.785094
0.774181
0.769893
0.77046
0.786904
