# threads 23 vertices 20000000 edges 500000000
# algorithm_time
0.82377
0.817622
0.807795
0.811675
0.82468
0.829681
0.804027
0.812459
0.809829
0.817419
0.823204
0.822735
0.821649
0.816835
0.808212
0.810394
0.822895
0.827508
0.806853
0.810588
0.811969
0.819205
0.822521
0.824736
0.816515
0.806373
0.811129
0.82271
0.824784
0.821524
0.806198
0.811286
0.814365
0.827002
0.829589
0.825159
0.815086
0.812293
0.817495
0.826687
0.824169
0.819351
0.806581
0.817662
0.817238
0.826102
0.824436
0.819026
0.809987
0.814953
