# threads 32 vertices 20000000 edges 500000000
# algorithm_time
0.678872
0.676699
0.678502
0.677621
0.674183
0.676724
0.677624
0.679526
0.680443
0.68041
0.678805
0.675678
0.678386
0.68009
0.674764
0.678069
0.680992
0.675626
0.673744
0.677441
0.678741
0.675003
0.676538
0.677227
0.674567
0.674648
0.675458
0.67595
0.674954
0.678342
0.677425
0.678302
0.677306
0.679684
0.677755
0.676636
0.677432
0.675135
0.677095
0.673761
0.67271
0.674664
0.679402
0.678825
0.676637
0.674649
0.674627
0.675648
0.676107
0.67803
