# threads 27 vertices 10000000 edges 500000000
# algorithm_time
0.812927
0.816515
0.815998
0.817647
0.816476
0.818501
0.814186
0.81703
0.812607
0.817644
0.81644
0.817569
0.815601
0.817307
0.81851
0.820633
0.8161
0.817213
0.815929
0.818378
0.815551
0.818204
0.815515
0.816105
0.81511
0.81989
0.817281
0.819794
0.816162
0.818144
0.814353
0.818638
0.816989
0.818451
0.812989
0.817535
0.818312
0.819467
0.817287
0.816245
0.814637
0.815816
0.817635
0.816712
0.815812
0.816036
0.816923
0.819241
0.817931
0.816097
