# threads 24 vertices 500000 edges 500000000
# algorithm_time
0.736676
0.735037
0.735055
0.735712
0.735243
0.735418
0.735416
0.73531
0.73505
0.73526
0.735462
0.735625
0.735364
0.735298
0.735184
0.734912
0.735514
0.734646
0.735219
0.735392
0.735567
0.735485
0.73541
0.735483
0.735429
0.735277
0.735259
0.735476
0.735054
0.735512
0.735415
0.735384
0.735289
0.73533
0.735438
0.73532
0.73527
0.735102
0.73556
0.735213
0.735298
0.735511
0.735018
0.735351
0.734888
0.73525
0.735432
0.735439
0.735084
0.735252
