# threads 21 vertices 500000 edges 500000000
# algorithm_time
0.830117
0.819936
0.828873
0.828893
0.829125
0.828736
0.828708
0.829294
0.829042
0.829082
0.829012
0.828754
0.828896
0.819901
0.829055
0.828844
0.828873
0.82888
0.828933
0.828575
0.828607
0.829146
0.820046
0.828666
0.829048
0.820296
0.828856
0.82888
0.828756
0.828768
0.828922
0.829197
0.828765
0.828927
0.828922
0.829069
0.82854
0.820626
0.829068
0.828753
0.8289
0.828977
0.8289
0.829038
0.828929
0.828972
0.828744
0.828574
0.82865
0.820415
