# threads 23 vertices 500000 edges 500000000
# algorithm_time
0.766348
0.764318
0.764292
0.764694
0.764617
0.764777
0.764929
0.764589
0.764654
0.764609
0.764868
0.764486
0.764906
0.764945
0.764245
0.764637
0.765027
0.764752
0.765007
0.765091
0.764695
0.764562
0.764992
0.764979
0.764698
0.764597
0.764969
0.764714
0.764778
0.764491
0.764838
0.765003
0.764698
0.764833
0.764645
0.764916
0.764908
0.764881
0.764649
0.764545
0.764835
0.765001
0.764543
0.764829
0.764504
0.764729
0.764886
0.764504
0.764913
0.764677
