# threads 27 vertices 20000000 edges 500000000
# algorithm_time
0.751447
0.749136
0.738276
0.740929
0.743263
0.745698
0.741775
0.736347
0.735131
0.742415
0.738534
0.74271
0.744804
0.742242
0.738909
0.742544
0.750327
0.743818
0.741121
0.736432
0.743535
0.740468
0.737906
0.734821
0.747521
0.744532
0.741939
0.744408
0.74664
0.742626
0.744596
0.740598
0.746536
0.743087
0.737987
0.737146
0.74287
0.743274
0.739868
0.739757
0.746195
0.741725
0.741319
0.739829
0.743338
0.7417
0.734758
0.735301
0.738225
0.746286
