# threads 25 vertices 10000000 edges 500000000
# algorithm_time
0.861465
0.863666
0.864144
0.860934
0.860324
0.861062
0.861252
0.86098
0.863215
0.865213
0.862819
0.864371
0.861019
0.863969
0.858717
0.863243
0.86374
0.866728
0.862618
0.860801
0.860424
0.860397
0.86279
0.862702
0.866715
0.862239
0.862501
0.860556
0.8605
0.861505
0.861253
0.864466
0.865225
0.860557
0.86061
0.858328
0.859957
0.857232
0.860919
0.8639
0.862337
0.859928
0.86084
0.859218
0.861607
0.862949
0.863704
0.866148
0.863146
0.859852
