# threads 26 vertices 500000 edges 500000000
# algorithm_time
0.724351
0.723274
0.723331
0.723075
0.723302
0.723026
0.72309
0.722909
0.723006
0.72291
0.722925
0.723167
0.722718
0.723035
0.72277
0.722809
0.722949
0.722788
0.723049
0.722869
0.723017
0.722841
0.723261
0.722913
0.723223
0.723132
0.722172
0.723277
0.722793
0.723321
0.723051
0.723224
0.72294
0.722731
0.723145
0.722929
0.723041
0.723022
0.723133
0.722937
0.722424
0.722973
0.722968
0.723212
0.723081
0.723009
0.722945
0.722824
0.723108
0.722889
