# threads 29 vertices 10000000 edges 500000000
# algorithm_time
0.777174
0.77592
0.774592
0.779174
0.776229
0.776816
0.775726
0.779392
0.778536
0.778163
0.776269
0.776101
0.779425
0.776456
0.77524
0.774317
0.776726
0.776167
0.779105
0.776253
0.773714
0.775144
0.776216
0.776411
0.773757
0.779576
0.776938
0.778026
0.777209
0.777803
0.777208
0.777078
0.777061
0.775616
0.77476
0.777255
0.777645
0.774714
0.776293
0.775889
0.77752
0.775175
0.778412
0.776015
0.779328
0.777438
0.776838
0.777357
0.776376
0.779984
