# threads 22 vertices 500000 edges 500000000
# algorithm_time
0.778193
0.777012
0.777482
0.776695
0.776832
0.776688
0.777005
0.77668
0.776553
0.776746
0.776791
0.777124
0.776743
0.77702
0.776948
0.777257
0.776858
0.776928
0.776999
0.777197
0.777119
0.77687
0.777063
0.776896
0.777122
0.776769
0.776973
0.777207
0.776952
0.776967
0.776827
0.776925
0.776817
0.777058
0.777225
0.776973
0.777221
0.776939
0.77686
0.776867
0.777022
0.776598
0.776875
0.776854
0.776813
0.776656
0.777031
0.77709
0.77691
0.776891
