# threads 19 vertices 500000 edges 500000000
# algorithm_time
0.889317
0.887793
0.887685
0.887952
0.88792
0.887964
0.887982
0.887379
0.887869
0.886784
0.887795
0.887852
0.887886
0.887992
0.887734
0.887916
0.88769
0.888158
0.888155
0.887871
0.884101
0.888279
0.888029
0.88779
0.887855
0.888251
0.887612
0.888002
0.888098
0.88765
0.887817
0.885572
0.885845
0.888251
0.887924
0.88779
0.887962
0.887691
0.887723
0.88797
0.888141
0.887894
0.885887
0.886144
0.888134
0.888187
0.887978
0.887913
0.887733
0.88822
