# threads 21 vertices 10000000 edges 500000000
# algorithm_time
0.97638
0.979146
0.976416
0.976234
0.974285
0.97532
0.974109
0.974135
0.975747
0.973523
0.972325
0.977348
0.97567
0.971711
0.972171
0.973986
0.972639
0.973322
0.975531
0.97641
0.972677
0.976371
0.974389
0.97599
0.974052
0.976511
0.976547
0.976038
0.977224
0.975405
0.972901
0.974267
0.975968
0.975422
0.973761
0.972655
0.974446
0.974427
0.97359
0.972676
0.971773
0.976165
0.976875
0.973096
0.977057
0.975349
0.978107
0.973456
0.980242
0.976069
