# threads 28 vertices 20000000 edges 500000000
# algorithm_time
0.722428
0.731617
0.72331
0.727884
0.722485
0.728077
0.72793
0.730234
0.722442
0.731328
0.726543
0.722237
0.725616
0.732203
0.726206
0.71852
0.7299
0.733421
0.727449
0.729415
0.731487
0.733411
0.728277
0.730636
0.728963
0.726178
0.723704
0.725112
0.729739
0.726192
0.722965
0.730503
0.730608
0.72141
0.728498
0.72687
0.727574
0.724669
0.728075
0.728681
0.730523
0.720939
0.727125
0.727728
0.721364
0.726453
0.7294
0.729757
0.719422
0.727649
