# threads 19 vertices 20000000 edges 500000000
# algorithm_time
0.884555
0.896169
0.887076
0.88191
0.888251
0.899268
0.902382
0.914002
0.910325
0.904534
0.911546
0.891092
0.895767
0.886863
0.889311
0.886356
0.898178
0.905804
0.91108
0.917351
0.910103
0.911199
0.891273
0.900209
0.890206
0.891482
0.888848
0.892598
0.903379
0.918943
0.914342
0.911705
0.910262
0.884776
0.889395
0.885991
0.887991
0.896758
0.901814
0.905235
0.917815
0.915138
0.907825
0.917223
0.894363
0.891289
0.881362
0.889071
0.874943
0.900414
