# threads 20 vertices 20000000 edges 500000000
# algorithm_time
0.88415
0.889094
0.885027
0.879305
0.881129
0.859686
0.867388
0.871001
0.88264
0.893388
0.889767
0.88185
0.880922
0.871722
0.863944
0.868265
0.879652
0.866586
0.890388
0.886357
0.884688
0.878323
0.86417
0.867845
0.871426
0.879272
0.888974
0.897551
0.867681
0.873626
0.878557
0.868218
0.864464
0.872159
0.883937
0.888347
0.893847
0.88428
0.878442
0.864607
0.865651
0.868248
0.880931
0.887429
0.888288
0.8866
0.886135
0.878412
0.868465
0.864705
