# threads 20 vertices 500000 edges 500000000
# algorithm_time
0.861485
0.860193
0.86053
0.8603
0.852369
0.860603
0.860557
0.860158
0.860357
0.860185
0.860368
0.859974
0.860047
0.860479
0.860207
0.860429
0.850532
0.860542
0.860336
0.860206
0.860197
0.860254
0.860263
0.8603
0.860501
0.86032
0.860582
0.860339
0.84938
0.86039
0.860309
0.860159
0.860159
0.860169
0.860379
0.86024
0.860341
0.860192
0.860207
0.851865
0.860635
0.860164
0.860376
0.851067
0.860143
0.860167
0.860275
0.860294
0.860574
0.859754
