# threads 17 vertices 20000000 edges 500000000
# algorithm_time
0.951488
0.954326
0.964576
0.965892
0.970072
0.93861
0.96314
0.964418
0.967682
0.959944
0.96254
0.96832
0.964835
0.965729
0.967783
0.956439
0.942755
0.948388
0.935603
0.931794
0.932067
0.93608
0.943693
0.937981
0.952442
0.954571
0.937149
0.962694
0.966814
0.970634
0.966879
0.965076
0.966547
0.967683
0.967543
0.965335
0.945743
0.954154
0.963074
0.967372
0.970432
0.972899
0.964654
0.956876
0.935935
0.936286
0.929855
0.928608
0.934452
0.944131
