# threads 29 vertices 20000000 edges 500000000
# algorithm_time
0.720996
0.717309
0.717126
0.718578
0.714502
0.712232
0.716839
0.715352
0.717744
0.708976
0.71616
0.719526
0.713914
0.71373
0.714471
0.714076
0.716129
0.720109
0.720272
0.718127
0.712005
0.718943
0.721211
0.711634
0.717339
0.711857
0.713805
0.714825
0.712072
0.719416
0.716461
0.710661
0.71938
0.72115
0.710657
0.713511
0.717333
0.71365
0.711931
0.71924
0.716628
0.712205
0.713349
0.718023
0.71436
0.710237
0.714051
0.715799
0.71507
0.710902
