# threads 26 vertices 20000000 edges 500000000
# algorithm_time
0.760016
0.754104
0.755415
0.767595
0.763036
0.757495
0.753198
0.76227
0.764193
0.755063
0.752183
0.76243
0.767991
0.756229
0.756575
0.75865
0.766203
0.757125
0.75744
0.746425
0.765998
0.764109
0.759741
0.750798
0.762991
0.763184
0.758727
0.753113
0.761447
0.769696
0.753674
0.751725
0.761724
0.764849
0.764907
0.756339
0.757047
0.76586
0.764538
0.76106
0.757022
0.761011
0.766589
0.756634
0.756261
0.761922
0.768527
0.766127
0.760483
0.754578
