# threads 29 vertices 500000 edges 500000000
# algorithm_time
0.660474
0.659215
0.659103
0.659226
0.659397
0.659605
0.658835
0.659183
0.659272
0.659222
0.659286
0.659371
0.659415
0.65952
0.659471
0.659041
0.65968
0.65896
0.659594
0.659863
0.659071
0.659265
0.65948
0.659776
0.659407
0.659323
0.659245
0.65957
0.65917
0.659697
0.659341
0.659372
0.659615
0.659595
0.659217
0.659322
0.659175
0.659549
0.659634
0.65961
0.659368
0.658891
0.659473
0.659417
0.659227
0.659566
0.659696
0.659575
0.659341
0.659286
