# threads 23 vertices 10000000 edges 500000000
# algorithm_time
0.91908
0.914382
0.918694
0.91495
0.911928
0.918774
0.916444
0.922306
0.91683
0.922324
0.914938
0.922148
0.915063
0.920912
0.915937
0.913658
0.917247
0.913961
0.920128
0.916298
0.918888
0.917266
0.921968
0.916464
0.917807
0.919437
0.913363
0.918992
0.91299
0.915932
0.914549
0.917323
0.916006
0.921038
0.918327
0.920301
0.9184
0.913627
0.916629
0.913729
0.915571
0.913364
0.914843
0.912513
0.917674
0.916325
0.917803
0.917442
0.917287
0.919534
