# threads 25 vertices 500000 edges 500000000
# algorithm_time
0.7374
0.736066
0.735953
0.736089
0.736327
0.736003
0.736025
0.734825
0.736371
0.736194
0.736099
0.73607
0.735974
0.735881
0.736476
0.736076
0.735992
0.735916
0.736013
0.73619
0.735123
0.735817
0.736094
0.736045
0.73581
0.7363
0.736142
0.736182
0.73615
0.736026
0.735853
0.735829
0.736088
0.736103
0.734733
0.736184
0.736105
0.736228
0.73614
0.736037
0.735951
0.736097
0.736292
0.736029
0.7362
0.736064
0.736078
0.736095
0.736428
0.736348
