# threads 30 vertices 20000000 edges 500000000
# algorithm_time
0.704008
0.703618
0.696721
0.698743
0.703432
0.695452
0.699523
0.704156
0.701776
0.69929
0.704017
0.699561
0.698668
0.703957
0.706826
0.703234
0.699799
0.698687
0.702811
0.698468
0.701144
0.704342
0.7018
0.69959
0.703922
0.703458
0.698043
0.69846
0.699428
0.697618
0.700341
0.70402
0.70243
0.696029
0.703554
0.702032
0.70003
0.703381
0.701008
0.701646
0.703899
0.703587
0.700566
0.697981
0.696776
0.701069
0.700296
0.700055
0.700477
0.703771
