# threads 21 vertices 20000000 edges 500000000
# algorithm_time
0.848429
0.84638
0.852429
0.857655
0.867898
0.866466
0.855264
0.860065
0.841637
0.846054
0.85459
0.866318
0.836147
0.860992
0.860656
0.847028
0.83993
0.858469
0.859069
0.865884
0.86328
0.854089
0.840862
0.845096
0.854713
0.861329
0.867448
0.869544
0.859857
0.853829
0.849846
0.855255
0.859578
0.871498
0.869021
0.842035
0.845513
0.843802
0.845349
0.855332
0.866652
0.869616
0.868857
0.861585
0.847065
0.843807
0.855043
0.846536
0.865796
0.86661
