# threads 32 vertices 500000 edges 500000000
# algorithm_time
0.616003
0.614442
0.614258
0.613982
0.614193
0.614266
0.614242
0.614081
0.613959
0.61396
0.614558
0.613874
0.614028
0.614577
0.613814
0.614243
0.614075
0.614403
0.614066
0.613971
0.614511
0.614163
0.61454
0.614222
0.614524
0.613798
0.61396
0.614322
0.614088
0.613864
0.61416
0.614281
0.614291
0.614329
0.614267
0.614227
0.614123
0.614262
0.614114
0.614236
0.61415
0.613964
0.614324
0.614381
0.614356
0.614264
0.614186
0.614078
0.61424
0.613952
