# threads 26 vertices 10000000 edges 500000000
# algorithm_time
0.836944
0.836227
0.837689
0.839269
0.840396
0.837916
0.836733
0.837267
0.837606
0.838402
0.839796
0.835239
0.836082
0.836266
0.837052
0.837592
0.838702
0.837012
0.837048
0.836071
0.837422
0.837858
0.837851
0.837286
0.838099
0.836828
0.836941
0.840088
0.839558
0.841616
0.837417
0.838341
0.835959
0.837788
0.837041
0.837307
0.837242
0.834326
0.839226
0.83688
0.837819
0.836804
0.839965
0.83646
0.836709
0.83564
0.836866
0.839816
0.839486
0.84034
