# threads 31 vertices 20000000 edges 500000000
# algorithm_time
0.686932
0.692938
0.691277
0.683204
0.686885
0.689821
0.68771
0.685746
0.686601
0.687738
0.685781
0.686769
0.689311
0.686064
0.685612
0.682451
0.687439
0.684331
0.690181
0.687778
0.690748
0.68695
0.683883
0.689841
0.687902
0.690851
0.689686
0.687931
0.691377
0.69153
0.688004
0.685918
0.689172
0.686645
0.685415
0.687529
0.686736
0.688635
0.68946
0.690422
0.689511
0.69071
0.687264
0.681623
0.683352
0.691801
0.689396
0.69118
0.690999
0.688913
