# threads 32 vertices 10000000 edges 500000000
# algorithm_time
0.723613
0.723577
0.725546
0.72492
0.725558
0.726465
0.726984
0.725899
0.726232
0.726354
0.727824
0.727445
0.726774
0.726633
0.727173
0.727151
0.725503
0.725872
0.725865
0.727766
0.724894
0.727003
0.725696
0.726893
0.72588
0.725746
0.724683
0.726105
0.724147
0.724143
0.723994
0.725766
0.723416
0.725127
0.723141
0.724328
0.72435
0.724474
0.724692
0.724586
0.724701
0.726303
0.725129
0.724473
0.724905
0.725692
0.723992
0.725671
0.724586
0.726144
