# threads 31 vertices 500000 edges 500000000
# algorithm_time
0.620059
0.619312
0.619304
0.619183
0.619101
0.619087
0.619126
0.618941
0.618505
0.619237
0.619082
0.619086
0.619304
0.619284
0.6192
0.618901
0.619061
0.619134
0.619237
0.619216
0.61899
0.619004
0.619206
0.618937
0.619178
0.618965
0.618479
0.61907
0.61887
0.619008
0.618758
0.619087
0.618539
0.619052
0.618719
0.619241
0.619119
0.618994
0.618952
0.619118
0.619195
0.619009
0.618878
0.619184
0.619101
0.618652
0.618898
0.619233
0.618871
0.618805
