# threads 18 vertices 20000000 edges 500000000
# algorithm_time
0.914545
0.927038
0.933371
0.937981
0.937429
0.942
0.933705
0.913663
0.916343
0.937616
0.920434
0.907552
0.903247
0.907413
0.90889
0.925682
0.930222
0.937243
0.907739
0.934364
0.928194
0.933863
0.937707
0.940473
0.925466
0.901329
0.903106
0.912713
0.915641
0.904948
0.930176
0.929621
0.92567
0.935816
0.931272
0.927654
0.928739
0.927805
0.933168
0.904608
0.90988
0.910929
0.91267
0.919586
0.925797
0.931702
0.935607
0.932589
0.929811
0.930004
