# threads 30 vertices 500000 edges 500000000
# algorithm_time
0.629907
0.628829
0.628833
0.628897
0.629015
0.628425
0.628751
0.6288
0.628806
0.628971
0.62893
0.629013
0.628966
0.628946
0.628678
0.628581
0.628855
0.628768
0.628724
0.62892
0.629233
0.628848
0.628962
0.628682
0.628842
0.628566
0.628402
0.629095
0.62894
0.628871
0.62888
0.628771
0.62871
0.628827
0.628736
0.628979
0.629091
0.628736
0.628592
0.628823
0.628651
0.628732
0.629244
0.628751
0.629063
0.62834
0.629064
0.62876
0.628758
0.628653
