# threads 22 vertices 10000000 edges 500000000
# algorithm_time
0.946104
0.943932
0.951818
0.952064
0.946045
0.952174
0.946728
0.948402
0.943342
0.949276
0.944381
0.947442
0.943489
0.948295
0.946587
0.940044
0.941911
0.938114
0.943693
0.943416
0.948925
0.943073
0.946867
0.947675
0.94922
0.948427
0.946414
0.948427
0.945812
0.946062
0.945017
0.948564
0.941347
0.946815
0.943093
0.944728
0.94147
0.944461
0.943543
0.94858
0.943074
0.947737
0.946593
0.943049
0.951179
0.94437
0.948861
0.942672
0.947078
0.944255
