inputs/2000000_nodes_500000000_edges.txt,0,24,20000000,500000000,11.162310,0.807422,cc,1638646
inputs/2000000_nodes_500000000_edges.txt,1,24,20000000,500000000,10.945024,0.762928,cc,1638646
inputs/2000000_nodes_500000000_edges.txt,2,24,20000000,500000000,10.967493,0.777552,cc,1638646
inputs/2000000_nodes_500000000_edges.txt,3,24,20000000,500000000,10.952855,0.759336,cc,1638646
inputs/2000000_nodes_500000000_edges.txt,4,24,20000000,500000000,10.952072,0.763647,cc,1638646
inputs/2000000_nodes_500000000_edges.txt,5,24,20000000,500000000,10.933680,0.761693,cc,1638646
inputs/2000000_nodes_500000000_edges.txt,6,24,20000000,500000000,10.953100,0.772936,cc,1638646
inputs/2000000_nodes_500000000_edges.txt,7,24,20000000,500000000,10.927664,0.761170,cc,1638646
inputs/2000000_nodes_500000000_edges.txt,8,24,20000000,500000000,10.935379,0.762368,cc,1638646
inputs/2000000_nodes_500000000_edges.txt,9,24,20000000,500000000,10.936406,0.775068,cc,1638646
