inputs/500000_nodes_500000000_edges.txt,0,8,500000,500000000,0.841721,0.416443,cc,12
inputs/500000_nodes_500000000_edges.txt,1,8,500000,500000000,0.856207,0.438405,cc,12
inputs/500000_nodes_500000000_edges.txt,2,8,500000,500000000,0.852799,0.434788,cc,12
inputs/500000_nodes_500000000_edges.txt,3,8,500000,500000000,0.696623,0.278010,cc,12
inputs/500000_nodes_500000000_edges.txt,4,8,500000,500000000,0.696304,0.277429,cc,12
inputs/500000_nodes_500000000_edges.txt,5,8,500000,500000000,0.694363,0.275607,cc,12
inputs/500000_nodes_500000000_edges.txt,6,8,500000,500000000,0.695564,0.277279,cc,12
inputs/500000_nodes_500000000_edges.txt,7,8,500000,500000000,0.690901,0.272851,cc,12
inputs/500000_nodes_500000000_edges.txt,8,8,500000,500000000,0.694033,0.276001,cc,12
inputs/500000_nodes_500000000_edges.txt,9,8,500000,500000000,0.701341,0.283464,cc,12
inputs/500000_nodes_500000000_edges.txt,10,8,500000,500000000,0.694049,0.275983,cc,12
inputs/500000_nodes_500000000_edges.txt,11,8,500000,500000000,0.710835,0.292349,cc,12
inputs/500000_nodes_500000000_edges.txt,12,8,500000,500000000,0.693448,0.274516,cc,12
inputs/500000_nodes_500000000_edges.txt,13,8,500000,500000000,0.699831,0.282410,cc,12
inputs/500000_nodes_500000000_edges.txt,14,8,500000,500000000,0.694255,0.276425,cc,12
inputs/500000_nodes_500000000_edges.txt,15,8,500000,500000000,0.696180,0.278143,cc,12
inputs/500000_nodes_500000000_edges.txt,16,8,500000,500000000,0.696409,0.278308,cc,12
inputs/500000_nodes_500000000_edges.txt,17,8,500000,500000000,0.696177,0.278130,cc,12
inputs/500000_nodes_500000000_edges.txt,18,8,500000,500000000,0.695594,0.277407,cc,12
inputs/500000_nodes_500000000_edges.txt,19,8,500000,500000000,0.716140,0.297901,cc,12
inputs/500000_nodes_500000000_edges.txt,20,8,500000,500000000,0.718855,0.301229,cc,12
inputs/500000_nodes_500000000_edges.txt,21,8,500000,500000000,0.699822,0.281593,cc,12
inputs/500000_nodes_500000000_edges.txt,22,8,500000,500000000,0.696609,0.278844,cc,12
inputs/500000_nodes_500000000_edges.txt,23,8,500000,500000000,0.716400,0.298457,cc,12
inputs/500000_nodes_500000000_edges.txt,24,8,500000,500000000,0.704976,0.286896,cc,12
inputs/500000_nodes_500000000_edges.txt,25,8,500000,500000000,0.707468,0.289433,cc,12
inputs/500000_nodes_500000000_edges.txt,26,8,500000,500000000,0.712753,0.294449,cc,12
inputs/500000_nodes_500000000_edges.txt,27,8,500000,500000000,0.716603,0.298902,cc,12
inputs/500000_nodes_500000000_edges.txt,28,8,500000,500000000,0.718872,0.300847,cc,12
inputs/500000_nodes_500000000_edges.txt,29,8,500000,500000000,0.720008,0.302254,cc,12
