inputs/1000000_nodes_500000000_edges.txt,0,56,10000000,500000000,5.793636,0.672857,cc,350251
inputs/1000000_nodes_500000000_edges.txt,1,56,10000000,500000000,5.516592,0.467756,cc,350251
inputs/1000000_nodes_500000000_edges.txt,2,56,10000000,500000000,5.545196,0.501978,cc,350251
inputs/1000000_nodes_500000000_edges.txt,3,56,10000000,500000000,5.470580,0.420208,cc,350251
inputs/1000000_nodes_500000000_edges.txt,4,56,10000000,500000000,5.473280,0.426567,cc,350251
inputs/1000000_nodes_500000000_edges.txt,5,56,10000000,500000000,5.506619,0.458305,cc,350251
inputs/1000000_nodes_500000000_edges.txt,6,56,10000000,500000000,5.503720,0.451525,cc,350251
inputs/1000000_nodes_500000000_edges.txt,7,56,10000000,500000000,5.479423,0.430704,cc,350251
inputs/1000000_nodes_500000000_edges.txt,8,56,10000000,500000000,5.503416,0.451984,cc,350251
inputs/1000000_nodes_500000000_edges.txt,9,56,10000000,500000000,5.500598,0.442205,cc,350251
inputs/1000000_nodes_500000000_edges.txt,10,56,10000000,500000000,5.486829,0.442621,cc,350251
inputs/1000000_nodes_500000000_edges.txt,11,56,10000000,500000000,5.465376,0.410953,cc,350251
inputs/1000000_nodes_500000000_edges.txt,12,56,10000000,500000000,5.450777,0.404283,cc,350251
inputs/1000000_nodes_500000000_edges.txt,13,56,10000000,500000000,5.470684,0.424892,cc,350251
inputs/1000000_nodes_500000000_edges.txt,14,56,10000000,500000000,5.457317,0.411299,cc,350251
inputs/1000000_nodes_500000000_edges.txt,15,56,10000000,500000000,5.458706,0.409286,cc,350251
inputs/1000000_nodes_500000000_edges.txt,16,56,10000000,500000000,5.437077,0.402281,cc,350251
inputs/1000000_nodes_500000000_edges.txt,17,56,10000000,500000000,5.471694,0.435239,cc,350251
inputs/1000000_nodes_500000000_edges.txt,18,56,10000000,500000000,5.474799,0.426868,cc,350251
inputs/1000000_nodes_500000000_edges.txt,19,56,10000000,500000000,5.690442,0.398434,cc,350251
inputs/1000000_nodes_500000000_edges.txt,20,56,10000000,500000000,5.452514,0.408754,cc,350251
inputs/1000000_nodes_500000000_edges.txt,21,56,10000000,500000000,5.461478,0.416626,cc,350251
inputs/1000000_nodes_500000000_edges.txt,22,56,10000000,500000000,5.491364,0.431698,cc,350251
inputs/1000000_nodes_500000000_edges.txt,23,56,10000000,500000000,5.449160,0.399119,cc,350251
inputs/1000000_nodes_500000000_edges.txt,24,56,10000000,500000000,5.465175,0.415396,cc,350251
inputs/1000000_nodes_500000000_edges.txt,25,56,10000000,500000000,5.466066,0.409223,cc,350251
inputs/1000000_nodes_500000000_edges.txt,26,56,10000000,500000000,5.460712,0.402391,cc,350251
inputs/1000000_nodes_500000000_edges.txt,27,56,10000000,500000000,5.467179,0.404374,cc,350251
inputs/1000000_nodes_500000000_edges.txt,28,56,10000000,500000000,5.464637,0.410003,cc,350251
inputs/1000000_nodes_500000000_edges.txt,29,56,10000000,500000000,5.452478,0.416077,cc,350251
