inputs/2000000_nodes_500000000_edges.txt,0,44,20000000,500000000,11.493372,1.077559,cc,1638646
inputs/2000000_nodes_500000000_edges.txt,1,44,20000000,500000000,11.228475,0.942051,cc,1638646
inputs/2000000_nodes_500000000_edges.txt,2,44,20000000,500000000,10.986381,0.715152,cc,1638646
inputs/2000000_nodes_500000000_edges.txt,3,44,20000000,500000000,10.966839,0.698860,cc,1638646
inputs/2000000_nodes_500000000_edges.txt,4,44,20000000,500000000,10.959596,0.687871,cc,1638646
inputs/2000000_nodes_500000000_edges.txt,5,44,20000000,500000000,10.948623,0.663285,cc,1638646
inputs/2000000_nodes_500000000_edges.txt,6,44,20000000,500000000,10.934079,0.657229,cc,1638646
inputs/2000000_nodes_500000000_edges.txt,7,44,20000000,500000000,10.933002,0.657879,cc,1638646
inputs/2000000_nodes_500000000_edges.txt,8,44,20000000,500000000,10.942908,0.657346,cc,1638646
inputs/2000000_nodes_500000000_edges.txt,9,44,20000000,500000000,10.937309,0.662004,cc,1638646
inputs/2000000_nodes_500000000_edges.txt,10,44,20000000,500000000,10.971089,0.678399,cc,1638646
inputs/2000000_nodes_500000000_edges.txt,11,44,20000000,500000000,10.965048,0.686576,cc,1638646
inputs/2000000_nodes_500000000_edges.txt,12,44,20000000,500000000,10.942560,0.659937,cc,1638646
inputs/2000000_nodes_500000000_edges.txt,13,44,20000000,500000000,10.931971,0.658783,cc,1638646
inputs/2000000_nodes_500000000_edges.txt,14,44,20000000,500000000,10.943354,0.663779,cc,1638646
inputs/2000000_nodes_500000000_edges.txt,15,44,20000000,500000000,10.946465,0.668292,cc,1638646
inputs/2000000_nodes_500000000_edges.txt,16,44,20000000,500000000,10.938394,0.661055,cc,1638646
inputs/2000000_nodes_500000000_edges.txt,17,44,20000000,500000000,10.943672,0.669341,cc,1638646
inputs/2000000_nodes_500000000_edges.txt,18,44,20000000,500000000,11.002782,0.727292,cc,1638646
inputs/2000000_nodes_500000000_edges.txt,19,44,20000000,500000000,10.931016,0.661046,cc,1638646
inputs/2000000_nodes_500000000_edges.txt,20,44,20000000,500000000,10.957239,0.665550,cc,1638646
inputs/2000000_nodes_500000000_edges.txt,21,44,20000000,500000000,10.943280,0.660272,cc,1638646
inputs/2000000_nodes_500000000_edges.txt,22,44,20000000,500000000,10.934212,0.663148,cc,1638646
inputs/2000000_nodes_500000000_edges.txt,23,44,20000000,500000000,10.949960,0.664391,cc,1638646
inputs/2000000_nodes_500000000_edges.txt,24,44,20000000,500000000,10.953320,0.671295,cc,1638646
inputs/2000000_nodes_500000000_edges.txt,25,44,20000000,500000000,10.965145,0.695061,cc,1638646
inputs/2000000_nodes_500000000_edges.txt,26,44,20000000,500000000,10.935755,0.667100,cc,1638646
inputs/2000000_nodes_500000000_edges.txt,27,44,20000000,500000000,10.941238,0.663706,cc,1638646
inputs/2000000_nodes_500000000_edges.txt,28,44,20000000,500000000,10.941078,0.666875,cc,1638646
inputs/2000000_nodes_500000000_edges.txt,29,44,20000000,500000000,10.923454,0.660526,cc,1638646
