inputs/500000_nodes_500000000_edges.txt,0,44,500000,500000000,1.194603,0.981200,cc,12
inputs/500000_nodes_500000000_edges.txt,1,44,500000,500000000,0.332726,0.130870,cc,12
inputs/500000_nodes_500000000_edges.txt,2,44,500000,500000000,0.314823,0.113392,cc,12
inputs/500000_nodes_500000000_edges.txt,3,44,500000,500000000,0.305555,0.104422,cc,12
inputs/500000_nodes_500000000_edges.txt,4,44,500000,500000000,0.308454,0.106786,cc,12
inputs/500000_nodes_500000000_edges.txt,5,44,500000,500000000,0.296528,0.095537,cc,12
inputs/500000_nodes_500000000_edges.txt,6,44,500000,500000000,0.312982,0.112178,cc,12
inputs/500000_nodes_500000000_edges.txt,7,44,500000,500000000,0.299256,0.098074,cc,12
inputs/500000_nodes_500000000_edges.txt,8,44,500000,500000000,0.296589,0.095580,cc,12
inputs/500000_nodes_500000000_edges.txt,9,44,500000,500000000,0.297730,0.096616,cc,12
inputs/500000_nodes_500000000_edges.txt,10,44,500000,500000000,0.301353,0.100383,cc,12
inputs/500000_nodes_500000000_edges.txt,11,44,500000,500000000,0.298566,0.097560,cc,12
inputs/500000_nodes_500000000_edges.txt,12,44,500000,500000000,0.299427,0.098302,cc,12
inputs/500000_nodes_500000000_edges.txt,13,44,500000,500000000,0.305829,0.104451,cc,12
inputs/500000_nodes_500000000_edges.txt,14,44,500000,500000000,0.298620,0.097547,cc,12
inputs/500000_nodes_500000000_edges.txt,15,44,500000,500000000,0.310692,0.109361,cc,12
inputs/500000_nodes_500000000_edges.txt,16,44,500000,500000000,0.303201,0.102054,cc,12
inputs/500000_nodes_500000000_edges.txt,17,44,500000,500000000,0.300163,0.098334,cc,12
inputs/500000_nodes_500000000_edges.txt,18,44,500000,500000000,0.298829,0.098246,cc,12
inputs/500000_nodes_500000000_edges.txt,19,44,500000,500000000,0.302046,0.101208,cc,12
inputs/500000_nodes_500000000_edges.txt,20,44,500000,500000000,0.298012,0.097040,cc,12
inputs/500000_nodes_500000000_edges.txt,21,44,500000,500000000,0.307759,0.106486,cc,12
inputs/500000_nodes_500000000_edges.txt,22,44,500000,500000000,0.297942,0.097028,cc,12
inputs/500000_nodes_500000000_edges.txt,23,44,500000,500000000,0.308022,0.107389,cc,12
inputs/500000_nodes_500000000_edges.txt,24,44,500000,500000000,0.308326,0.106982,cc,12
inputs/500000_nodes_500000000_edges.txt,25,44,500000,500000000,0.296757,0.095395,cc,12
inputs/500000_nodes_500000000_edges.txt,26,44,500000,500000000,0.308549,0.106987,cc,12
inputs/500000_nodes_500000000_edges.txt,27,44,500000,500000000,0.297638,0.096296,cc,12
inputs/500000_nodes_500000000_edges.txt,28,44,500000,500000000,0.296984,0.096025,cc,12
inputs/500000_nodes_500000000_edges.txt,29,44,500000,500000000,0.303695,0.102510,cc,12
