inputs/1000000_nodes_500000000_edges.txt,0,44,10000000,500000000,6.055843,0.858884,cc,350251
inputs/1000000_nodes_500000000_edges.txt,1,44,10000000,500000000,5.587451,0.450447,cc,350251
inputs/1000000_nodes_500000000_edges.txt,2,44,10000000,500000000,5.538572,0.431416,cc,350251
inputs/1000000_nodes_500000000_edges.txt,3,44,10000000,500000000,5.572339,0.463989,cc,350251
inputs/1000000_nodes_500000000_edges.txt,4,44,10000000,500000000,5.538846,0.423821,cc,350251
inputs/1000000_nodes_500000000_edges.txt,5,44,10000000,500000000,5.555913,0.441142,cc,350251
inputs/1000000_nodes_500000000_edges.txt,6,44,10000000,500000000,5.777705,0.404856,cc,350251
inputs/1000000_nodes_500000000_edges.txt,7,44,10000000,500000000,5.530887,0.423311,cc,350251
inputs/1000000_nodes_500000000_edges.txt,8,44,10000000,500000000,5.548392,0.424750,cc,350251
inputs/1000000_nodes_500000000_edges.txt,9,44,10000000,500000000,5.527938,0.417086,cc,350251
inputs/1000000_nodes_500000000_edges.txt,10,44,10000000,500000000,5.559474,0.441719,cc,350251
inputs/1000000_nodes_500000000_edges.txt,11,44,10000000,500000000,5.548458,0.427435,cc,350251
inputs/1000000_nodes_500000000_edges.txt,12,44,10000000,500000000,5.651699,0.430837,cc,350251
inputs/1000000_nodes_500000000_edges.txt,13,44,10000000,500000000,5.531496,0.423236,cc,350251
inputs/1000000_nodes_500000000_edges.txt,14,44,10000000,500000000,5.539209,0.425214,cc,350251
inputs/1000000_nodes_500000000_edges.txt,15,44,10000000,500000000,5.552524,0.437565,cc,350251
inputs/1000000_nodes_500000000_edges.txt,16,44,10000000,500000000,5.530265,0.424876,cc,350251
inputs/1000000_nodes_500000000_edges.txt,17,44,10000000,500000000,5.563085,0.448916,cc,350251
inputs/1000000_nodes_500000000_edges.txt,18,44,10000000,500000000,5.530060,0.422070,cc,350251
inputs/1000000_nodes_500000000_edges.txt,19,44,10000000,500000000,5.546554,0.432491,cc,350251
inputs/1000000_nodes_500000000_edges.txt,20,44,10000000,500000000,5.543989,0.432161,cc,350251
inputs/1000000_nodes_500000000_edges.txt,21,44,10000000,500000000,5.544059,0.427164,cc,350251
inputs/1000000_nodes_500000000_edges.txt,22,44,10000000,500000000,5.568169,0.439815,cc,350251
inputs/1000000_nodes_500000000_edges.txt,23,44,10000000,500000000,5.540771,0.428508,cc,350251
inputs/1000000_nodes_500000000_edges.txt,24,44,10000000,500000000,5.554559,0.439797,cc,350251
inputs/1000000_nodes_500000000_edges.txt,25,44,10000000,500000000,5.529338,0.413681,cc,350251
inputs/1000000_nodes_500000000_edges.txt,26,44,10000000,500000000,5.539968,0.426123,cc,350251
inputs/1000000_nodes_500000000_edges.txt,27,44,10000000,500000000,5.540247,0.422224,cc,350251
inputs/1000000_nodes_500000000_edges.txt,28,44,10000000,500000000,5.538808,0.427379,cc,350251
inputs/1000000_nodes_500000000_edges.txt,29,44,10000000,500000000,5.565054,0.437354,cc,350251
