inputs/1000000_nodes_500000000_edges.txt,0,8,10000000,500000000,5.846134,0.627289,cc,350251
inputs/1000000_nodes_500000000_edges.txt,1,8,10000000,500000000,5.803931,0.646060,cc,350251
inputs/1000000_nodes_500000000_edges.txt,2,8,10000000,500000000,5.584338,0.434877,cc,350251
inputs/1000000_nodes_500000000_edges.txt,3,8,10000000,500000000,5.637168,0.449437,cc,350251
inputs/1000000_nodes_500000000_edges.txt,4,8,10000000,500000000,5.602238,0.440389,cc,350251
inputs/1000000_nodes_500000000_edges.txt,5,8,10000000,500000000,5.633899,0.445475,cc,350251
inputs/1000000_nodes_500000000_edges.txt,6,8,10000000,500000000,5.607009,0.436681,cc,350251
inputs/1000000_nodes_500000000_edges.txt,7,8,10000000,500000000,5.640493,0.452333,cc,350251
inputs/1000000_nodes_500000000_edges.txt,8,8,10000000,500000000,5.621847,0.443123,cc,350251
inputs/1000000_nodes_500000000_edges.txt,9,8,10000000,500000000,5.644028,0.454807,cc,350251
inputs/1000000_nodes_500000000_edges.txt,10,8,10000000,500000000,5.619808,0.439566,cc,350251
inputs/1000000_nodes_500000000_edges.txt,11,8,10000000,500000000,5.630929,0.435361,cc,350251
inputs/1000000_nodes_500000000_edges.txt,12,8,10000000,500000000,5.624120,0.445526,cc,350251
inputs/1000000_nodes_500000000_edges.txt,13,8,10000000,500000000,5.652666,0.445313,cc,350251
inputs/1000000_nodes_500000000_edges.txt,14,8,10000000,500000000,5.627305,0.445161,cc,350251
inputs/1000000_nodes_500000000_edges.txt,15,8,10000000,500000000,5.638483,0.446964,cc,350251
inputs/1000000_nodes_500000000_edges.txt,16,8,10000000,500000000,5.671949,0.460959,cc,350251
inputs/1000000_nodes_500000000_edges.txt,17,8,10000000,500000000,5.636237,0.445044,cc,350251
inputs/1000000_nodes_500000000_edges.txt,18,8,10000000,500000000,5.629313,0.444544,cc,350251
inputs/1000000_nodes_500000000_edges.txt,19,8,10000000,500000000,5.635652,0.443809,cc,350251
inputs/1000000_nodes_500000000_edges.txt,20,8,10000000,500000000,5.659045,0.452339,cc,350251
inputs/1000000_nodes_500000000_edges.txt,21,8,10000000,500000000,5.652086,0.456197,cc,350251
inputs/1000000_nodes_500000000_edges.txt,22,8,10000000,500000000,5.627850,0.448488,cc,350251
inputs/1000000_nodes_500000000_edges.txt,23,8,10000000,500000000,5.630205,0.429366,cc,350251
inputs/1000000_nodes_500000000_edges.txt,24,8,10000000,500000000,5.623619,0.441754,cc,350251
inputs/1000000_nodes_500000000_edges.txt,25,8,10000000,500000000,5.651144,0.455596,cc,350251
inputs/1000000_nodes_500000000_edges.txt,26,8,10000000,500000000,5.621057,0.445576,cc,350251
inputs/1000000_nodes_500000000_edges.txt,27,8,10000000,500000000,5.667206,0.468616,cc,350251
inputs/1000000_nodes_500000000_edges.txt,28,8,10000000,500000000,5.623021,0.450582,cc,350251
inputs/1000000_nodes_500000000_edges.txt,29,8,10000000,500000000,5.647097,0.454636,cc,350251
