inputs/2000000_nodes_500000000_edges.txt,0,1,20000000,500000000,18.066694,0.129625,cc,1638646
inputs/2000000_nodes_500000000_edges.txt,1,1,20000000,500000000,18.047349,0.129844,cc,1638646
inputs/2000000_nodes_500000000_edges.txt,2,1,20000000,500000000,18.059021,0.128657,cc,1638646
inputs/2000000_nodes_500000000_edges.txt,3,1,20000000,500000000,18.055364,0.130072,cc,1638646
inputs/2000000_nodes_500000000_edges.txt,4,1,20000000,500000000,18.059917,0.129532,cc,1638646
inputs/2000000_nodes_500000000_edges.txt,5,1,20000000,500000000,18.066336,0.129629,cc,1638646
inputs/2000000_nodes_500000000_edges.txt,6,1,20000000,500000000,18.123222,0.130562,cc,1638646
inputs/2000000_nodes_500000000_edges.txt,7,1,20000000,500000000,18.061831,0.129657,cc,1638646
inputs/2000000_nodes_500000000_edges.txt,8,1,20000000,500000000,18.060384,0.129696,cc,1638646
inputs/2000000_nodes_500000000_edges.txt,9,1,20000000,500000000,18.060844,0.130857,cc,1638646
inputs/2000000_nodes_500000000_edges.txt,10,1,20000000,500000000,18.052601,0.129318,cc,1638646
inputs/2000000_nodes_500000000_edges.txt,11,1,20000000,500000000,18.038541,0.129357,cc,1638646
inputs/2000000_nodes_500000000_edges.txt,12,1,20000000,500000000,18.064779,0.130303,cc,1638646
inputs/2000000_nodes_500000000_edges.txt,13,1,20000000,500000000,18.050395,0.129405,cc,1638646
inputs/2000000_nodes_500000000_edges.txt,14,1,20000000,500000000,18.081642,0.129431,cc,1638646
inputs/2000000_nodes_500000000_edges.txt,15,1,20000000,500000000,18.078750,0.129260,cc,1638646
inputs/2000000_nodes_500000000_edges.txt,16,1,20000000,500000000,18.077773,0.129393,cc,1638646
inputs/2000000_nodes_500000000_edges.txt,17,1,20000000,500000000,18.059578,0.129460,cc,1638646
inputs/2000000_nodes_500000000_edges.txt,18,1,20000000,500000000,18.081422,0.129417,cc,1638646
inputs/2000000_nodes_500000000_edges.txt,19,1,20000000,500000000,18.046785,0.129273,cc,1638646
inputs/2000000_nodes_500000000_edges.txt,20,1,20000000,500000000,18.070062,0.129612,cc,1638646
inputs/2000000_nodes_500000000_edges.txt,21,1,20000000,500000000,18.075274,0.129872,cc,1638646
inputs/2000000_nodes_500000000_edges.txt,22,1,20000000,500000000,18.075792,0.129651,cc,1638646
inputs/2000000_nodes_500000000_edges.txt,23,1,20000000,500000000,18.067800,0.129844,cc,1638646
inputs/2000000_nodes_500000000_edges.txt,24,1,20000000,500000000,18.066035,0.129203,cc,1638646
inputs/2000000_nodes_500000000_edges.txt,25,1,20000000,500000000,18.061989,0.129404,cc,1638646
inputs/2000000_nodes_500000000_edges.txt,26,1,20000000,500000000,18.075156,0.129294,cc,1638646
inputs/2000000_nodes_500000000_edges.txt,27,1,20000000,500000000,18.053755,0.129848,cc,1638646
inputs/2000000_nodes_500000000_edges.txt,28,1,20000000,500000000,18.061993,0.129447,cc,1638646
inputs/2000000_nodes_500000000_edges.txt,29,1,20000000,500000000,18.103669,0.129423,cc,1638646
