inputs/2000000_nodes_500000000_edges.txt,0,20,20000000,500000000,10.980945,0.720427,cc,1638646
inputs/2000000_nodes_500000000_edges.txt,1,20,20000000,500000000,10.893335,0.707554,cc,1638646
inputs/2000000_nodes_500000000_edges.txt,2,20,20000000,500000000,10.872578,0.696784,cc,1638646
inputs/2000000_nodes_500000000_edges.txt,3,20,20000000,500000000,10.876992,0.703416,cc,1638646
inputs/2000000_nodes_500000000_edges.txt,4,20,20000000,500000000,10.861272,0.698421,cc,1638646
inputs/2000000_nodes_500000000_edges.txt,5,20,20000000,500000000,10.939209,0.698164,cc,1638646
inputs/2000000_nodes_500000000_edges.txt,6,20,20000000,500000000,10.888094,0.712049,cc,1638646
inputs/2000000_nodes_500000000_edges.txt,7,20,20000000,500000000,10.864969,0.698752,cc,1638646
inputs/2000000_nodes_500000000_edges.txt,8,20,20000000,500000000,10.942267,0.698572,cc,1638646
inputs/2000000_nodes_500000000_edges.txt,9,20,20000000,500000000,10.865351,0.707810,cc,1638646
