inputs/2000000_nodes_500000000_edges.txt,0,8,20000000,500000000,10.727876,0.585386,cc,1638646
inputs/2000000_nodes_500000000_edges.txt,1,8,20000000,500000000,10.731494,0.588794,cc,1638646
inputs/2000000_nodes_500000000_edges.txt,2,8,20000000,500000000,10.638998,0.527777,cc,1638646
inputs/2000000_nodes_500000000_edges.txt,3,8,20000000,500000000,10.638754,0.535659,cc,1638646
inputs/2000000_nodes_500000000_edges.txt,4,8,20000000,500000000,10.628140,0.531503,cc,1638646
inputs/2000000_nodes_500000000_edges.txt,5,8,20000000,500000000,10.645649,0.516372,cc,1638646
inputs/2000000_nodes_500000000_edges.txt,6,8,20000000,500000000,10.624650,0.504183,cc,1638646
inputs/2000000_nodes_500000000_edges.txt,7,8,20000000,500000000,10.603111,0.510154,cc,1638646
inputs/2000000_nodes_500000000_edges.txt,8,8,20000000,500000000,10.628480,0.515045,cc,1638646
inputs/2000000_nodes_500000000_edges.txt,9,8,20000000,500000000,10.596769,0.497496,cc,1638646
inputs/2000000_nodes_500000000_edges.txt,10,8,20000000,500000000,10.614888,0.509676,cc,1638646
inputs/2000000_nodes_500000000_edges.txt,11,8,20000000,500000000,10.651904,0.499446,cc,1638646
inputs/2000000_nodes_500000000_edges.txt,12,8,20000000,500000000,10.606259,0.493281,cc,1638646
inputs/2000000_nodes_500000000_edges.txt,13,8,20000000,500000000,10.617482,0.497053,cc,1638646
inputs/2000000_nodes_500000000_edges.txt,14,8,20000000,500000000,10.603010,0.503470,cc,1638646
inputs/2000000_nodes_500000000_edges.txt,15,8,20000000,500000000,10.604554,0.507851,cc,1638646
inputs/2000000_nodes_500000000_edges.txt,16,8,20000000,500000000,10.643890,0.517587,cc,1638646
inputs/2000000_nodes_500000000_edges.txt,17,8,20000000,500000000,10.606337,0.497355,cc,1638646
inputs/2000000_nodes_500000000_edges.txt,18,8,20000000,500000000,10.614035,0.512670,cc,1638646
inputs/2000000_nodes_500000000_edges.txt,19,8,20000000,500000000,10.614888,0.501692,cc,1638646
inputs/2000000_nodes_500000000_edges.txt,20,8,20000000,500000000,10.593167,0.491711,cc,1638646
inputs/2000000_nodes_500000000_edges.txt,21,8,20000000,500000000,10.614078,0.499825,cc,1638646
inputs/2000000_nodes_500000000_edges.txt,22,8,20000000,500000000,10.617362,0.508013,cc,1638646
inputs/2000000_nodes_500000000_edges.txt,23,8,20000000,500000000,10.617197,0.491973,cc,1638646
inputs/2000000_nodes_500000000_edges.txt,24,8,20000000,500000000,10.620960,0.512916,cc,1638646
inputs/2000000_nodes_500000000_edges.txt,25,8,20000000,500000000,10.621148,0.512562,cc,1638646
inputs/2000000_nodes_500000000_edges.txt,26,8,20000000,500000000,10.642458,0.519291,cc,1638646
inputs/2000000_nodes_500000000_edges.txt,27,8,20000000,500000000,10.609554,0.499832,cc,1638646
inputs/2000000_nodes_500000000_edges.txt,28,8,20000000,500000000,10.607464,0.494728,cc,1638646
inputs/2000000_nodes_500000000_edges.txt,29,8,20000000,500000000,10.611194,0.506625,cc,1638646
