inputs/500000_nodes_500000000_edges.txt,0,64,500000,500000000,0.381876,0.184919,cc,12
inputs/500000_nodes_500000000_edges.txt,1,64,500000,500000000,0.279358,0.093727,cc,12
inputs/500000_nodes_500000000_edges.txt,2,64,500000,500000000,0.281400,0.097019,cc,12
inputs/500000_nodes_500000000_edges.txt,3,64,500000,500000000,0.283810,0.099616,cc,12
inputs/500000_nodes_500000000_edges.txt,4,64,500000,500000000,0.280919,0.096857,cc,12
inputs/500000_nodes_500000000_edges.txt,5,64,500000,500000000,0.286447,0.102003,cc,12
inputs/500000_nodes_500000000_edges.txt,6,64,500000,500000000,0.318662,0.134249,cc,12
inputs/500000_nodes_500000000_edges.txt,7,64,500000,500000000,0.279430,0.094423,cc,12
inputs/500000_nodes_500000000_edges.txt,8,64,500000,500000000,0.276872,0.092387,cc,12
inputs/500000_nodes_500000000_edges.txt,9,64,500000,500000000,0.277488,0.093337,cc,12
inputs/500000_nodes_500000000_edges.txt,10,64,500000,500000000,0.279085,0.094646,cc,12
inputs/500000_nodes_500000000_edges.txt,11,64,500000,500000000,0.290271,0.106162,cc,12
inputs/500000_nodes_500000000_edges.txt,12,64,500000,500000000,0.282233,0.097771,cc,12
inputs/500000_nodes_500000000_edges.txt,13,64,500000,500000000,0.281649,0.097272,cc,12
inputs/500000_nodes_500000000_edges.txt,14,64,500000,500000000,0.289794,0.105052,cc,12
inputs/500000_nodes_500000000_edges.txt,15,64,500000,500000000,0.289625,0.104979,cc,12
inputs/500000_nodes_500000000_edges.txt,16,64,500000,500000000,0.262910,0.077915,cc,12
inputs/500000_nodes_500000000_edges.txt,17,64,500000,500000000,0.267807,0.083715,cc,12
inputs/500000_nodes_500000000_edges.txt,18,64,500000,500000000,0.264382,0.079886,cc,12
inputs/500000_nodes_500000000_edges.txt,19,64,500000,500000000,0.265992,0.080894,cc,12
inputs/500000_nodes_500000000_edges.txt,20,64,500000,500000000,0.266166,0.081542,cc,12
inputs/500000_nodes_500000000_edges.txt,21,64,500000,500000000,0.267487,0.083496,cc,12
inputs/500000_nodes_500000000_edges.txt,22,64,500000,500000000,0.271758,0.086935,cc,12
inputs/500000_nodes_500000000_edges.txt,23,64,500000,500000000,0.276691,0.092288,cc,12
inputs/500000_nodes_500000000_edges.txt,24,64,500000,500000000,0.273628,0.089237,cc,12
inputs/500000_nodes_500000000_edges.txt,25,64,500000,500000000,0.263624,0.079187,cc,12
inputs/500000_nodes_500000000_edges.txt,26,64,500000,500000000,0.275213,0.091169,cc,12
inputs/500000_nodes_500000000_edges.txt,27,64,500000,500000000,0.274338,0.089232,cc,12
inputs/500000_nodes_500000000_edges.txt,28,64,500000,500000000,0.277580,0.092691,cc,12
inputs/500000_nodes_500000000_edges.txt,29,64,500000,500000000,0.265581,0.080968,cc,12
