inputs/1000000_nodes_500000000_edges.txt,0,40,10000000,500000000,5.905327,0.665046,cc,350251
inputs/1000000_nodes_500000000_edges.txt,1,40,10000000,500000000,5.642531,0.482222,cc,350251
inputs/1000000_nodes_500000000_edges.txt,2,40,10000000,500000000,5.605890,0.448403,cc,350251
inputs/1000000_nodes_500000000_edges.txt,3,40,10000000,500000000,5.809621,0.474994,cc,350251
inputs/1000000_nodes_500000000_edges.txt,4,40,10000000,500000000,5.614545,0.454221,cc,350251
inputs/1000000_nodes_500000000_edges.txt,5,40,10000000,500000000,5.603575,0.446581,cc,350251
inputs/1000000_nodes_500000000_edges.txt,6,40,10000000,500000000,5.593771,0.450861,cc,350251
inputs/1000000_nodes_500000000_edges.txt,7,40,10000000,500000000,5.608695,0.445020,cc,350251
inputs/1000000_nodes_500000000_edges.txt,8,40,10000000,500000000,5.635293,0.474214,cc,350251
inputs/1000000_nodes_500000000_edges.txt,9,40,10000000,500000000,5.619526,0.450831,cc,350251
inputs/1000000_nodes_500000000_edges.txt,10,40,10000000,500000000,5.632224,0.480719,cc,350251
inputs/1000000_nodes_500000000_edges.txt,11,40,10000000,500000000,5.623565,0.458157,cc,350251
inputs/1000000_nodes_500000000_edges.txt,12,40,10000000,500000000,5.604950,0.442905,cc,350251
inputs/1000000_nodes_500000000_edges.txt,13,40,10000000,500000000,5.616693,0.455818,cc,350251
inputs/1000000_nodes_500000000_edges.txt,14,40,10000000,500000000,5.612072,0.445499,cc,350251
inputs/1000000_nodes_500000000_edges.txt,15,40,10000000,500000000,5.607912,0.456594,cc,350251
inputs/1000000_nodes_500000000_edges.txt,16,40,10000000,500000000,5.613757,0.458119,cc,350251
inputs/1000000_nodes_500000000_edges.txt,17,40,10000000,500000000,5.621740,0.470176,cc,350251
inputs/1000000_nodes_500000000_edges.txt,18,40,10000000,500000000,5.600899,0.450794,cc,350251
inputs/1000000_nodes_500000000_edges.txt,19,40,10000000,500000000,5.620623,0.453665,cc,350251
inputs/1000000_nodes_500000000_edges.txt,20,40,10000000,500000000,5.592689,0.437707,cc,350251
inputs/1000000_nodes_500000000_edges.txt,21,40,10000000,500000000,5.606625,0.448179,cc,350251
inputs/1000000_nodes_500000000_edges.txt,22,40,10000000,500000000,5.608747,0.464828,cc,350251
inputs/1000000_nodes_500000000_edges.txt,23,40,10000000,500000000,5.618065,0.460240,cc,350251
inputs/1000000_nodes_500000000_edges.txt,24,40,10000000,500000000,5.615289,0.467411,cc,350251
inputs/1000000_nodes_500000000_edges.txt,25,40,10000000,500000000,5.604874,0.444407,cc,350251
inputs/1000000_nodes_500000000_edges.txt,26,40,10000000,500000000,5.623679,0.469459,cc,350251
inputs/1000000_nodes_500000000_edges.txt,27,40,10000000,500000000,5.611727,0.460369,cc,350251
inputs/1000000_nodes_500000000_edges.txt,28,40,10000000,500000000,5.615804,0.457757,cc,350251
inputs/1000000_nodes_500000000_edges.txt,29,40,10000000,500000000,5.654072,0.484044,cc,350251
