inputs/1000000_nodes_500000000_edges.txt,0,12,10000000,500000000,5.636758,0.512606,cc,350251
inputs/1000000_nodes_500000000_edges.txt,1,12,10000000,500000000,5.477180,0.387988,cc,350251
inputs/1000000_nodes_500000000_edges.txt,2,12,10000000,500000000,5.473544,0.400918,cc,350251
inputs/1000000_nodes_500000000_edges.txt,3,12,10000000,500000000,5.460591,0.397125,cc,350251
inputs/1000000_nodes_500000000_edges.txt,4,12,10000000,500000000,5.465144,0.410359,cc,350251
inputs/1000000_nodes_500000000_edges.txt,5,12,10000000,500000000,5.471782,0.400593,cc,350251
inputs/1000000_nodes_500000000_edges.txt,6,12,10000000,500000000,5.448465,0.402489,cc,350251
inputs/1000000_nodes_500000000_edges.txt,7,12,10000000,500000000,5.483352,0.394564,cc,350251
inputs/1000000_nodes_500000000_edges.txt,8,12,10000000,500000000,5.457450,0.386504,cc,350251
inputs/1000000_nodes_500000000_edges.txt,9,12,10000000,500000000,5.479677,0.403737,cc,350251
inputs/1000000_nodes_500000000_edges.txt,10,12,10000000,500000000,5.476356,0.421204,cc,350251
inputs/1000000_nodes_500000000_edges.txt,11,12,10000000,500000000,5.490944,0.405112,cc,350251
inputs/1000000_nodes_500000000_edges.txt,12,12,10000000,500000000,5.454410,0.403431,cc,350251
inputs/1000000_nodes_500000000_edges.txt,13,12,10000000,500000000,5.506213,0.395850,cc,350251
inputs/1000000_nodes_500000000_edges.txt,14,12,10000000,500000000,5.458064,0.401928,cc,350251
inputs/1000000_nodes_500000000_edges.txt,15,12,10000000,500000000,5.471473,0.391840,cc,350251
inputs/1000000_nodes_500000000_edges.txt,16,12,10000000,500000000,5.457563,0.403855,cc,350251
inputs/1000000_nodes_500000000_edges.txt,17,12,10000000,500000000,5.469158,0.394746,cc,350251
inputs/1000000_nodes_500000000_edges.txt,18,12,10000000,500000000,5.465773,0.413829,cc,350251
inputs/1000000_nodes_500000000_edges.txt,19,12,10000000,500000000,5.468999,0.395014,cc,350251
inputs/1000000_nodes_500000000_edges.txt,20,12,10000000,500000000,5.466229,0.414499,cc,350251
inputs/1000000_nodes_500000000_edges.txt,21,12,10000000,500000000,5.492074,0.414497,cc,350251
inputs/1000000_nodes_500000000_edges.txt,22,12,10000000,500000000,5.469310,0.416642,cc,350251
inputs/1000000_nodes_500000000_edges.txt,23,12,10000000,500000000,5.482568,0.396788,cc,350251
inputs/1000000_nodes_500000000_edges.txt,24,12,10000000,500000000,5.468141,0.402666,cc,350251
inputs/1000000_nodes_500000000_edges.txt,25,12,10000000,500000000,5.479338,0.394885,cc,350251
inputs/1000000_nodes_500000000_edges.txt,26,12,10000000,500000000,5.466465,0.379904,cc,350251
inputs/1000000_nodes_500000000_edges.txt,27,12,10000000,500000000,5.484061,0.395096,cc,350251
inputs/1000000_nodes_500000000_edges.txt,28,12,10000000,500000000,5.486615,0.413032,cc,350251
inputs/1000000_nodes_500000000_edges.txt,29,12,10000000,500000000,5.531446,0.456702,cc,350251
