inputs/500000_nodes_500000000_edges.txt,0,28,500000,500000000,0.476314,0.240876,cc,12
inputs/500000_nodes_500000000_edges.txt,1,28,500000,500000000,0.403512,0.179382,cc,12
inputs/500000_nodes_500000000_edges.txt,2,28,500000,500000000,0.344124,0.120756,cc,12
inputs/500000_nodes_500000000_edges.txt,3,28,500000,500000000,0.340942,0.118276,cc,12
inputs/500000_nodes_500000000_edges.txt,4,28,500000,500000000,0.349330,0.126455,cc,12
inputs/500000_nodes_500000000_edges.txt,5,28,500000,500000000,0.342845,0.120061,cc,12
inputs/500000_nodes_500000000_edges.txt,6,28,500000,500000000,0.343194,0.120084,cc,12
inputs/500000_nodes_500000000_edges.txt,7,28,500000,500000000,0.344456,0.121399,cc,12
inputs/500000_nodes_500000000_edges.txt,8,28,500000,500000000,0.344273,0.121420,cc,12
inputs/500000_nodes_500000000_edges.txt,9,28,500000,500000000,0.350600,0.127318,cc,12
inputs/500000_nodes_500000000_edges.txt,10,28,500000,500000000,0.345851,0.119651,cc,12
inputs/500000_nodes_500000000_edges.txt,11,28,500000,500000000,0.407100,0.175852,cc,12
inputs/500000_nodes_500000000_edges.txt,12,28,500000,500000000,0.344187,0.119239,cc,12
inputs/500000_nodes_500000000_edges.txt,13,28,500000,500000000,0.345554,0.122313,cc,12
inputs/500000_nodes_500000000_edges.txt,14,28,500000,500000000,0.347830,0.125077,cc,12
inputs/500000_nodes_500000000_edges.txt,15,28,500000,500000000,0.348088,0.124182,cc,12
inputs/500000_nodes_500000000_edges.txt,16,28,500000,500000000,0.341786,0.118620,cc,12
inputs/500000_nodes_500000000_edges.txt,17,28,500000,500000000,0.348577,0.124835,cc,12
inputs/500000_nodes_500000000_edges.txt,18,28,500000,500000000,0.344831,0.122034,cc,12
inputs/500000_nodes_500000000_edges.txt,19,28,500000,500000000,0.341726,0.118037,cc,12
inputs/500000_nodes_500000000_edges.txt,20,28,500000,500000000,0.346610,0.123590,cc,12
inputs/500000_nodes_500000000_edges.txt,21,28,500000,500000000,0.373522,0.150059,cc,12
inputs/500000_nodes_500000000_edges.txt,22,28,500000,500000000,0.344257,0.121677,cc,12
inputs/500000_nodes_500000000_edges.txt,23,28,500000,500000000,0.343642,0.120768,cc,12
inputs/500000_nodes_500000000_edges.txt,24,28,500000,500000000,0.345298,0.122332,cc,12
inputs/500000_nodes_500000000_edges.txt,25,28,500000,500000000,0.344851,0.121938,cc,12
inputs/500000_nodes_500000000_edges.txt,26,28,500000,500000000,0.342202,0.118937,cc,12
inputs/500000_nodes_500000000_edges.txt,27,28,500000,500000000,0.340237,0.116913,cc,12
inputs/500000_nodes_500000000_edges.txt,28,28,500000,500000000,0.346083,0.122513,cc,12
inputs/500000_nodes_500000000_edges.txt,29,28,500000,500000000,0.346283,0.123273,cc,12
