inputs/2000000_nodes_500000000_edges.txt,0,36,20000000,500000000,11.480341,0.945759,cc,1638646
inputs/2000000_nodes_500000000_edges.txt,1,36,20000000,500000000,11.209482,0.841463,cc,1638646
inputs/2000000_nodes_500000000_edges.txt,2,36,20000000,500000000,10.956313,0.612321,cc,1638646
inputs/2000000_nodes_500000000_edges.txt,3,36,20000000,500000000,10.943977,0.607157,cc,1638646
inputs/2000000_nodes_500000000_edges.txt,4,36,20000000,500000000,10.985964,0.635482,cc,1638646
inputs/2000000_nodes_500000000_edges.txt,5,36,20000000,500000000,10.935998,0.604947,cc,1638646
inputs/2000000_nodes_500000000_edges.txt,6,36,20000000,500000000,10.965473,0.607669,cc,1638646
inputs/2000000_nodes_500000000_edges.txt,7,36,20000000,500000000,10.943076,0.607420,cc,1638646
inputs/2000000_nodes_500000000_edges.txt,8,36,20000000,500000000,10.938406,0.602587,cc,1638646
inputs/2000000_nodes_500000000_edges.txt,9,36,20000000,500000000,10.966828,0.610049,cc,1638646
inputs/2000000_nodes_500000000_edges.txt,10,36,20000000,500000000,10.963703,0.601142,cc,1638646
inputs/2000000_nodes_500000000_edges.txt,11,36,20000000,500000000,10.994438,0.636848,cc,1638646
inputs/2000000_nodes_500000000_edges.txt,12,36,20000000,500000000,10.961375,0.620267,cc,1638646
inputs/2000000_nodes_500000000_edges.txt,13,36,20000000,500000000,10.948033,0.601974,cc,1638646
inputs/2000000_nodes_500000000_edges.txt,14,36,20000000,500000000,10.959909,0.602280,cc,1638646
inputs/2000000_nodes_500000000_edges.txt,15,36,20000000,500000000,10.936477,0.602500,cc,1638646
inputs/2000000_nodes_500000000_edges.txt,16,36,20000000,500000000,11.094238,0.608513,cc,1638646
inputs/2000000_nodes_500000000_edges.txt,17,36,20000000,500000000,10.969169,0.611596,cc,1638646
inputs/2000000_nodes_500000000_edges.txt,18,36,20000000,500000000,10.985798,0.638921,cc,1638646
inputs/2000000_nodes_500000000_edges.txt,19,36,20000000,500000000,10.949327,0.604106,cc,1638646
inputs/2000000_nodes_500000000_edges.txt,20,36,20000000,500000000,10.961777,0.609716,cc,1638646
inputs/2000000_nodes_500000000_edges.txt,21,36,20000000,500000000,10.949112,0.600478,cc,1638646
inputs/2000000_nodes_500000000_edges.txt,22,36,20000000,500000000,10.967218,0.608823,cc,1638646
inputs/2000000_nodes_500000000_edges.txt,23,36,20000000,500000000,10.939639,0.596166,cc,1638646
inputs/2000000_nodes_500000000_edges.txt,24,36,20000000,500000000,10.939852,0.594810,cc,1638646
inputs/2000000_nodes_500000000_edges.txt,25,36,20000000,500000000,10.981125,0.638639,cc,1638646
inputs/2000000_nodes_500000000_edges.txt,26,36,20000000,500000000,10.948549,0.597114,cc,1638646
inputs/2000000_nodes_500000000_edges.txt,27,36,20000000,500000000,10.956032,0.601164,cc,1638646
inputs/2000000_nodes_500000000_edges.txt,28,36,20000000,500000000,10.961390,0.612555,cc,1638646
inputs/2000000_nodes_500000000_edges.txt,29,36,20000000,500000000,10.948635,0.599200,cc,1638646
