inputs/1000000_nodes_500000000_edges.txt,0,24,10000000,500000000,5.702857,0.537646,cc,350251
inputs/1000000_nodes_500000000_edges.txt,1,24,10000000,500000000,5.532103,0.425201,cc,350251
inputs/1000000_nodes_500000000_edges.txt,2,24,10000000,500000000,5.521148,0.419345,cc,350251
inputs/1000000_nodes_500000000_edges.txt,3,24,10000000,500000000,5.521389,0.416208,cc,350251
inputs/1000000_nodes_500000000_edges.txt,4,24,10000000,500000000,5.555465,0.426394,cc,350251
inputs/1000000_nodes_500000000_edges.txt,5,24,10000000,500000000,5.518252,0.417835,cc,350251
inputs/1000000_nodes_500000000_edges.txt,6,24,10000000,500000000,5.505147,0.389034,cc,350251
inputs/1000000_nodes_500000000_edges.txt,7,24,10000000,500000000,5.494850,0.395142,cc,350251
inputs/1000000_nodes_500000000_edges.txt,8,24,10000000,500000000,5.488032,0.378471,cc,350251
inputs/1000000_nodes_500000000_edges.txt,9,24,10000000,500000000,5.488750,0.377252,cc,350251
inputs/1000000_nodes_500000000_edges.txt,10,24,10000000,500000000,5.489460,0.398529,cc,350251
inputs/1000000_nodes_500000000_edges.txt,11,24,10000000,500000000,5.495461,0.392194,cc,350251
inputs/1000000_nodes_500000000_edges.txt,12,24,10000000,500000000,5.499670,0.389267,cc,350251
inputs/1000000_nodes_500000000_edges.txt,13,24,10000000,500000000,5.494551,0.390745,cc,350251
inputs/1000000_nodes_500000000_edges.txt,14,24,10000000,500000000,5.488257,0.377947,cc,350251
inputs/1000000_nodes_500000000_edges.txt,15,24,10000000,500000000,5.497359,0.386388,cc,350251
inputs/1000000_nodes_500000000_edges.txt,16,24,10000000,500000000,5.491282,0.388784,cc,350251
inputs/1000000_nodes_500000000_edges.txt,17,24,10000000,500000000,5.510344,0.406884,cc,350251
inputs/1000000_nodes_500000000_edges.txt,18,24,10000000,500000000,5.521064,0.402459,cc,350251
inputs/1000000_nodes_500000000_edges.txt,19,24,10000000,500000000,5.485640,0.394960,cc,350251
inputs/1000000_nodes_500000000_edges.txt,20,24,10000000,500000000,5.511846,0.411141,cc,350251
inputs/1000000_nodes_500000000_edges.txt,21,24,10000000,500000000,5.502486,0.386679,cc,350251
inputs/1000000_nodes_500000000_edges.txt,22,24,10000000,500000000,5.489119,0.385603,cc,350251
inputs/1000000_nodes_500000000_edges.txt,23,24,10000000,500000000,5.489524,0.390315,cc,350251
inputs/1000000_nodes_500000000_edges.txt,24,24,10000000,500000000,5.494556,0.393342,cc,350251
inputs/1000000_nodes_500000000_edges.txt,25,24,10000000,500000000,5.506304,0.401537,cc,350251
inputs/1000000_nodes_500000000_edges.txt,26,24,10000000,500000000,5.507599,0.396843,cc,350251
inputs/1000000_nodes_500000000_edges.txt,27,24,10000000,500000000,5.511672,0.402548,cc,350251
inputs/1000000_nodes_500000000_edges.txt,28,24,10000000,500000000,5.489894,0.398683,cc,350251
inputs/1000000_nodes_500000000_edges.txt,29,24,10000000,500000000,5.489782,0.387579,cc,350251
