inputs/2000000_nodes_500000000_edges.txt,0,16,20000000,500000000,10.825021,0.760768,cc,1638646
inputs/2000000_nodes_500000000_edges.txt,1,16,20000000,500000000,10.714401,0.672810,cc,1638646
inputs/2000000_nodes_500000000_edges.txt,2,16,20000000,500000000,10.736444,0.695878,cc,1638646
inputs/2000000_nodes_500000000_edges.txt,3,16,20000000,500000000,10.725199,0.691914,cc,1638646
inputs/2000000_nodes_500000000_edges.txt,4,16,20000000,500000000,10.717296,0.663383,cc,1638646
inputs/2000000_nodes_500000000_edges.txt,5,16,20000000,500000000,10.750613,0.713349,cc,1638646
inputs/2000000_nodes_500000000_edges.txt,6,16,20000000,500000000,10.740596,0.689055,cc,1638646
inputs/2000000_nodes_500000000_edges.txt,7,16,20000000,500000000,10.724198,0.676854,cc,1638646
inputs/2000000_nodes_500000000_edges.txt,8,16,20000000,500000000,10.751274,0.699707,cc,1638646
inputs/2000000_nodes_500000000_edges.txt,9,16,20000000,500000000,10.747190,0.704225,cc,1638646
inputs/2000000_nodes_500000000_edges.txt,10,16,20000000,500000000,10.717135,0.661380,cc,1638646
inputs/2000000_nodes_500000000_edges.txt,11,16,20000000,500000000,10.747623,0.693326,cc,1638646
inputs/2000000_nodes_500000000_edges.txt,12,16,20000000,500000000,10.723449,0.673736,cc,1638646
inputs/2000000_nodes_500000000_edges.txt,13,16,20000000,500000000,10.705162,0.668719,cc,1638646
inputs/2000000_nodes_500000000_edges.txt,14,16,20000000,500000000,10.815332,0.751334,cc,1638646
inputs/2000000_nodes_500000000_edges.txt,15,16,20000000,500000000,10.822778,0.769935,cc,1638646
inputs/2000000_nodes_500000000_edges.txt,16,16,20000000,500000000,10.800430,0.755869,cc,1638646
inputs/2000000_nodes_500000000_edges.txt,17,16,20000000,500000000,10.805477,0.755980,cc,1638646
inputs/2000000_nodes_500000000_edges.txt,18,16,20000000,500000000,10.854779,0.803416,cc,1638646
inputs/2000000_nodes_500000000_edges.txt,19,16,20000000,500000000,10.785629,0.740034,cc,1638646
inputs/2000000_nodes_500000000_edges.txt,20,16,20000000,500000000,10.793160,0.749419,cc,1638646
inputs/2000000_nodes_500000000_edges.txt,21,16,20000000,500000000,10.769199,0.723565,cc,1638646
inputs/2000000_nodes_500000000_edges.txt,22,16,20000000,500000000,10.790839,0.739711,cc,1638646
inputs/2000000_nodes_500000000_edges.txt,23,16,20000000,500000000,10.790298,0.740883,cc,1638646
inputs/2000000_nodes_500000000_edges.txt,24,16,20000000,500000000,10.842045,0.789355,cc,1638646
