inputs/1000000_nodes_500000000_edges.txt,0,18,10000000,500000000,5.717272,0.584206,cc,350251
inputs/1000000_nodes_500000000_edges.txt,1,18,10000000,500000000,5.630654,0.507786,cc,350251
inputs/1000000_nodes_500000000_edges.txt,2,18,10000000,500000000,5.530267,0.430976,cc,350251
inputs/1000000_nodes_500000000_edges.txt,3,18,10000000,500000000,5.515179,0.487230,cc,350251
inputs/1000000_nodes_500000000_edges.txt,4,18,10000000,500000000,5.518198,0.457414,cc,350251
inputs/1000000_nodes_500000000_edges.txt,5,18,10000000,500000000,5.512451,0.470817,cc,350251
inputs/1000000_nodes_500000000_edges.txt,6,18,10000000,500000000,5.503481,0.446991,cc,350251
inputs/1000000_nodes_500000000_edges.txt,7,18,10000000,500000000,5.523218,0.454810,cc,350251
inputs/1000000_nodes_500000000_edges.txt,8,18,10000000,500000000,5.514354,0.465449,cc,350251
inputs/1000000_nodes_500000000_edges.txt,9,18,10000000,500000000,5.493352,0.466179,cc,350251
inputs/1000000_nodes_500000000_edges.txt,10,18,10000000,500000000,5.504190,0.479301,cc,350251
inputs/1000000_nodes_500000000_edges.txt,11,18,10000000,500000000,5.496857,0.445144,cc,350251
inputs/1000000_nodes_500000000_edges.txt,12,18,10000000,500000000,5.484992,0.457238,cc,350251
inputs/1000000_nodes_500000000_edges.txt,13,18,10000000,500000000,5.503280,0.453145,cc,350251
inputs/1000000_nodes_500000000_edges.txt,14,18,10000000,500000000,5.515321,0.449847,cc,350251
inputs/1000000_nodes_500000000_edges.txt,15,18,10000000,500000000,5.516376,0.466572,cc,350251
inputs/1000000_nodes_500000000_edges.txt,16,18,10000000,500000000,5.503952,0.434104,cc,350251
inputs/1000000_nodes_500000000_edges.txt,17,18,10000000,500000000,5.527081,0.466378,cc,350251
inputs/1000000_nodes_500000000_edges.txt,18,18,10000000,500000000,5.515471,0.453502,cc,350251
inputs/1000000_nodes_500000000_edges.txt,19,18,10000000,500000000,5.517956,0.456956,cc,350251
inputs/1000000_nodes_500000000_edges.txt,20,18,10000000,500000000,5.487021,0.458343,cc,350251
inputs/1000000_nodes_500000000_edges.txt,21,18,10000000,500000000,5.500086,0.447816,cc,350251
inputs/1000000_nodes_500000000_edges.txt,22,18,10000000,500000000,5.503785,0.459276,cc,350251
inputs/1000000_nodes_500000000_edges.txt,23,18,10000000,500000000,5.514524,0.440566,cc,350251
inputs/1000000_nodes_500000000_edges.txt,24,18,10000000,500000000,5.542515,0.469286,cc,350251
inputs/1000000_nodes_500000000_edges.txt,25,18,10000000,500000000,5.493641,0.457149,cc,350251
inputs/1000000_nodes_500000000_edges.txt,26,18,10000000,500000000,5.487172,0.449988,cc,350251
inputs/1000000_nodes_500000000_edges.txt,27,18,10000000,500000000,5.495647,0.448723,cc,350251
inputs/1000000_nodes_500000000_edges.txt,28,18,10000000,500000000,5.489804,0.452789,cc,350251
inputs/1000000_nodes_500000000_edges.txt,29,18,10000000,500000000,5.502601,0.463956,cc,350251
