inputs/500000_nodes_500000000_edges.txt,0,18,500000,500000000,0.509871,0.236125,cc,12
inputs/500000_nodes_500000000_edges.txt,1,18,500000,500000000,0.438584,0.183991,cc,12
inputs/500000_nodes_500000000_edges.txt,2,18,500000,500000000,0.432588,0.178835,cc,12
inputs/500000_nodes_500000000_edges.txt,3,18,500000,500000000,0.434471,0.180646,cc,12
inputs/500000_nodes_500000000_edges.txt,4,18,500000,500000000,0.429707,0.175025,cc,12
inputs/500000_nodes_500000000_edges.txt,5,18,500000,500000000,0.429092,0.174951,cc,12
inputs/500000_nodes_500000000_edges.txt,6,18,500000,500000000,0.435911,0.181824,cc,12
inputs/500000_nodes_500000000_edges.txt,7,18,500000,500000000,0.427451,0.173479,cc,12
inputs/500000_nodes_500000000_edges.txt,8,18,500000,500000000,0.426948,0.172840,cc,12
inputs/500000_nodes_500000000_edges.txt,9,18,500000,500000000,0.434200,0.180022,cc,12
inputs/500000_nodes_500000000_edges.txt,10,18,500000,500000000,0.432116,0.177843,cc,12
inputs/500000_nodes_500000000_edges.txt,11,18,500000,500000000,0.426358,0.172669,cc,12
inputs/500000_nodes_500000000_edges.txt,12,18,500000,500000000,0.429145,0.174928,cc,12
inputs/500000_nodes_500000000_edges.txt,13,18,500000,500000000,0.428316,0.174309,cc,12
inputs/500000_nodes_500000000_edges.txt,14,18,500000,500000000,0.432058,0.178269,cc,12
inputs/500000_nodes_500000000_edges.txt,15,18,500000,500000000,0.436453,0.181336,cc,12
inputs/500000_nodes_500000000_edges.txt,16,18,500000,500000000,0.435508,0.181561,cc,12
inputs/500000_nodes_500000000_edges.txt,17,18,500000,500000000,0.439386,0.184758,cc,12
inputs/500000_nodes_500000000_edges.txt,18,18,500000,500000000,0.431675,0.177987,cc,12
inputs/500000_nodes_500000000_edges.txt,19,18,500000,500000000,0.443033,0.189231,cc,12
inputs/500000_nodes_500000000_edges.txt,20,18,500000,500000000,0.434012,0.180020,cc,12
inputs/500000_nodes_500000000_edges.txt,21,18,500000,500000000,0.427172,0.172941,cc,12
inputs/500000_nodes_500000000_edges.txt,22,18,500000,500000000,0.429942,0.176191,cc,12
inputs/500000_nodes_500000000_edges.txt,23,18,500000,500000000,0.441654,0.187623,cc,12
inputs/500000_nodes_500000000_edges.txt,24,18,500000,500000000,0.430644,0.177171,cc,12
inputs/500000_nodes_500000000_edges.txt,25,18,500000,500000000,0.431079,0.176755,cc,12
inputs/500000_nodes_500000000_edges.txt,26,18,500000,500000000,0.434390,0.181125,cc,12
inputs/500000_nodes_500000000_edges.txt,27,18,500000,500000000,0.429950,0.175959,cc,12
inputs/500000_nodes_500000000_edges.txt,28,18,500000,500000000,0.429929,0.176357,cc,12
inputs/500000_nodes_500000000_edges.txt,29,18,500000,500000000,0.431727,0.177410,cc,12
