inputs/2000000_nodes_500000000_edges.txt,0,52,20000000,500000000,11.375117,1.035850,cc,1638646
inputs/2000000_nodes_500000000_edges.txt,1,52,20000000,500000000,11.075569,0.802964,cc,1638646
inputs/2000000_nodes_500000000_edges.txt,2,52,20000000,500000000,11.052592,0.804049,cc,1638646
inputs/2000000_nodes_500000000_edges.txt,3,52,20000000,500000000,10.897451,0.650002,cc,1638646
inputs/2000000_nodes_500000000_edges.txt,4,52,20000000,500000000,10.910996,0.665673,cc,1638646
inputs/2000000_nodes_500000000_edges.txt,5,52,20000000,500000000,10.895271,0.644932,cc,1638646
inputs/2000000_nodes_500000000_edges.txt,6,52,20000000,500000000,10.899805,0.652783,cc,1638646
inputs/2000000_nodes_500000000_edges.txt,7,52,20000000,500000000,10.890529,0.642720,cc,1638646
inputs/2000000_nodes_500000000_edges.txt,8,52,20000000,500000000,10.910536,0.643999,cc,1638646
inputs/2000000_nodes_500000000_edges.txt,9,52,20000000,500000000,10.904417,0.653716,cc,1638646
inputs/2000000_nodes_500000000_edges.txt,10,52,20000000,500000000,10.890012,0.643550,cc,1638646
inputs/2000000_nodes_500000000_edges.txt,11,52,20000000,500000000,10.896215,0.659852,cc,1638646
inputs/2000000_nodes_500000000_edges.txt,12,52,20000000,500000000,10.878507,0.641628,cc,1638646
inputs/2000000_nodes_500000000_edges.txt,13,52,20000000,500000000,10.879138,0.643697,cc,1638646
inputs/2000000_nodes_500000000_edges.txt,14,52,20000000,500000000,10.887189,0.644136,cc,1638646
inputs/2000000_nodes_500000000_edges.txt,15,52,20000000,500000000,10.888723,0.648702,cc,1638646
inputs/2000000_nodes_500000000_edges.txt,16,52,20000000,500000000,10.880661,0.640612,cc,1638646
inputs/2000000_nodes_500000000_edges.txt,17,52,20000000,500000000,10.888386,0.640403,cc,1638646
inputs/2000000_nodes_500000000_edges.txt,18,52,20000000,500000000,10.900100,0.657278,cc,1638646
inputs/2000000_nodes_500000000_edges.txt,19,52,20000000,500000000,11.113318,0.637825,cc,1638646
inputs/2000000_nodes_500000000_edges.txt,20,52,20000000,500000000,10.878290,0.636526,cc,1638646
inputs/2000000_nodes_500000000_edges.txt,21,52,20000000,500000000,10.885735,0.637097,cc,1638646
inputs/2000000_nodes_500000000_edges.txt,22,52,20000000,500000000,10.895308,0.634861,cc,1638646
inputs/2000000_nodes_500000000_edges.txt,23,52,20000000,500000000,10.887448,0.637352,cc,1638646
inputs/2000000_nodes_500000000_edges.txt,24,52,20000000,500000000,10.880536,0.635202,cc,1638646
inputs/2000000_nodes_500000000_edges.txt,25,52,20000000,500000000,10.892498,0.652347,cc,1638646
inputs/2000000_nodes_500000000_edges.txt,26,52,20000000,500000000,10.881348,0.636943,cc,1638646
inputs/2000000_nodes_500000000_edges.txt,27,52,20000000,500000000,10.877916,0.634046,cc,1638646
inputs/2000000_nodes_500000000_edges.txt,28,52,20000000,500000000,10.888459,0.636386,cc,1638646
inputs/2000000_nodes_500000000_edges.txt,29,52,20000000,500000000,10.882155,0.638999,cc,1638646
