inputs/2000000_nodes_500000000_edges.txt,0,60,20000000,500000000,11.627665,1.315433,cc,1638646
inputs/2000000_nodes_500000000_edges.txt,1,60,20000000,500000000,11.250437,1.005482,cc,1638646
inputs/2000000_nodes_500000000_edges.txt,2,60,20000000,500000000,11.139316,0.907390,cc,1638646
inputs/2000000_nodes_500000000_edges.txt,3,60,20000000,500000000,11.011235,0.782950,cc,1638646
inputs/2000000_nodes_500000000_edges.txt,4,60,20000000,500000000,11.014788,0.775980,cc,1638646
inputs/2000000_nodes_500000000_edges.txt,5,60,20000000,500000000,11.090769,0.848728,cc,1638646
inputs/2000000_nodes_500000000_edges.txt,6,60,20000000,500000000,11.022883,0.797202,cc,1638646
inputs/2000000_nodes_500000000_edges.txt,7,60,20000000,500000000,11.009401,0.777280,cc,1638646
inputs/2000000_nodes_500000000_edges.txt,8,60,20000000,500000000,11.011309,0.778125,cc,1638646
inputs/2000000_nodes_500000000_edges.txt,9,60,20000000,500000000,11.041788,0.786957,cc,1638646
inputs/2000000_nodes_500000000_edges.txt,10,60,20000000,500000000,11.011084,0.782520,cc,1638646
inputs/2000000_nodes_500000000_edges.txt,11,60,20000000,500000000,11.023793,0.785241,cc,1638646
inputs/2000000_nodes_500000000_edges.txt,12,60,20000000,500000000,11.274499,0.788161,cc,1638646
inputs/2000000_nodes_500000000_edges.txt,13,60,20000000,500000000,11.035265,0.793506,cc,1638646
inputs/2000000_nodes_500000000_edges.txt,14,60,20000000,500000000,11.016308,0.776430,cc,1638646
inputs/2000000_nodes_500000000_edges.txt,15,60,20000000,500000000,11.043726,0.785779,cc,1638646
inputs/2000000_nodes_500000000_edges.txt,16,60,20000000,500000000,11.030965,0.780062,cc,1638646
inputs/2000000_nodes_500000000_edges.txt,17,60,20000000,500000000,11.025540,0.778665,cc,1638646
inputs/2000000_nodes_500000000_edges.txt,18,60,20000000,500000000,11.245759,1.011579,cc,1638646
inputs/2000000_nodes_500000000_edges.txt,19,60,20000000,500000000,11.026651,0.780993,cc,1638646
inputs/2000000_nodes_500000000_edges.txt,20,60,20000000,500000000,11.033549,0.782923,cc,1638646
inputs/2000000_nodes_500000000_edges.txt,21,60,20000000,500000000,11.009306,0.785624,cc,1638646
inputs/2000000_nodes_500000000_edges.txt,22,60,20000000,500000000,11.008681,0.776940,cc,1638646
inputs/2000000_nodes_500000000_edges.txt,23,60,20000000,500000000,11.021685,0.782669,cc,1638646
inputs/2000000_nodes_500000000_edges.txt,24,60,20000000,500000000,11.037547,0.800705,cc,1638646
inputs/2000000_nodes_500000000_edges.txt,25,60,20000000,500000000,11.003796,0.775740,cc,1638646
inputs/2000000_nodes_500000000_edges.txt,26,60,20000000,500000000,11.019242,0.784409,cc,1638646
inputs/2000000_nodes_500000000_edges.txt,27,60,20000000,500000000,11.040815,0.799919,cc,1638646
inputs/2000000_nodes_500000000_edges.txt,28,60,20000000,500000000,11.015318,0.782561,cc,1638646
inputs/2000000_nodes_500000000_edges.txt,29,60,20000000,500000000,11.015076,0.787498,cc,1638646
