inputs/1000000_nodes_500000000_edges.txt,0,4,10000000,500000000,6.453567,0.667057,cc,350251
inputs/1000000_nodes_500000000_edges.txt,1,4,10000000,500000000,6.973953,1.254978,cc,350251
inputs/1000000_nodes_500000000_edges.txt,2,4,10000000,500000000,6.347143,0.639269,cc,350251
inputs/1000000_nodes_500000000_edges.txt,3,4,10000000,500000000,6.341030,0.631286,cc,350251
inputs/1000000_nodes_500000000_edges.txt,4,4,10000000,500000000,6.350678,0.634458,cc,350251
inputs/1000000_nodes_500000000_edges.txt,5,4,10000000,500000000,6.425993,0.641635,cc,350251
inputs/1000000_nodes_500000000_edges.txt,6,4,10000000,500000000,6.394879,0.677682,cc,350251
inputs/1000000_nodes_500000000_edges.txt,7,4,10000000,500000000,6.353485,0.634959,cc,350251
inputs/1000000_nodes_500000000_edges.txt,8,4,10000000,500000000,6.361691,0.647535,cc,350251
inputs/1000000_nodes_500000000_edges.txt,9,4,10000000,500000000,6.393844,0.670652,cc,350251
inputs/1000000_nodes_500000000_edges.txt,10,4,10000000,500000000,6.358207,0.636808,cc,350251
inputs/1000000_nodes_500000000_edges.txt,11,4,10000000,500000000,6.357897,0.637448,cc,350251
inputs/1000000_nodes_500000000_edges.txt,12,4,10000000,500000000,6.355470,0.638703,cc,350251
inputs/1000000_nodes_500000000_edges.txt,13,4,10000000,500000000,6.409252,0.689551,cc,350251
inputs/1000000_nodes_500000000_edges.txt,14,4,10000000,500000000,6.404248,0.686545,cc,350251
inputs/1000000_nodes_500000000_edges.txt,15,4,10000000,500000000,6.389993,0.663314,cc,350251
inputs/1000000_nodes_500000000_edges.txt,16,4,10000000,500000000,6.363521,0.644284,cc,350251
inputs/1000000_nodes_500000000_edges.txt,17,4,10000000,500000000,6.368084,0.647201,cc,350251
inputs/1000000_nodes_500000000_edges.txt,18,4,10000000,500000000,6.355623,0.638791,cc,350251
inputs/1000000_nodes_500000000_edges.txt,19,4,10000000,500000000,6.362676,0.637889,cc,350251
inputs/1000000_nodes_500000000_edges.txt,20,4,10000000,500000000,6.359939,0.643135,cc,350251
inputs/1000000_nodes_500000000_edges.txt,21,4,10000000,500000000,6.404209,0.673285,cc,350251
inputs/1000000_nodes_500000000_edges.txt,22,4,10000000,500000000,6.352028,0.631641,cc,350251
inputs/1000000_nodes_500000000_edges.txt,23,4,10000000,500000000,6.397251,0.675495,cc,350251
inputs/1000000_nodes_500000000_edges.txt,24,4,10000000,500000000,6.376653,0.654355,cc,350251
inputs/1000000_nodes_500000000_edges.txt,25,4,10000000,500000000,6.353842,0.631997,cc,350251
inputs/1000000_nodes_500000000_edges.txt,26,4,10000000,500000000,6.363947,0.642865,cc,350251
inputs/1000000_nodes_500000000_edges.txt,27,4,10000000,500000000,6.359618,0.629224,cc,350251
inputs/1000000_nodes_500000000_edges.txt,28,4,10000000,500000000,6.365694,0.646657,cc,350251
inputs/1000000_nodes_500000000_edges.txt,29,4,10000000,500000000,6.362088,0.621544,cc,350251
