inputs/2000000_nodes_500000000_edges.txt,0,2,20000000,500000000,13.837875,0.343460,cc,1638646
inputs/2000000_nodes_500000000_edges.txt,1,2,20000000,500000000,13.544750,0.307766,cc,1638646
inputs/2000000_nodes_500000000_edges.txt,2,2,20000000,500000000,13.511824,0.283005,cc,1638646
inputs/2000000_nodes_500000000_edges.txt,3,2,20000000,500000000,13.519294,0.282895,cc,1638646
inputs/2000000_nodes_500000000_edges.txt,4,2,20000000,500000000,13.501003,0.286837,cc,1638646
inputs/2000000_nodes_500000000_edges.txt,5,2,20000000,500000000,13.516590,0.287112,cc,1638646
inputs/2000000_nodes_500000000_edges.txt,6,2,20000000,500000000,13.502770,0.275889,cc,1638646
inputs/2000000_nodes_500000000_edges.txt,7,2,20000000,500000000,13.513420,0.280373,cc,1638646
inputs/2000000_nodes_500000000_edges.txt,8,2,20000000,500000000,13.505720,0.289814,cc,1638646
inputs/2000000_nodes_500000000_edges.txt,9,2,20000000,500000000,13.519634,0.283689,cc,1638646
inputs/2000000_nodes_500000000_edges.txt,10,2,20000000,500000000,13.517836,0.301548,cc,1638646
inputs/2000000_nodes_500000000_edges.txt,11,2,20000000,500000000,13.527349,0.311803,cc,1638646
inputs/2000000_nodes_500000000_edges.txt,12,2,20000000,500000000,13.525074,0.315136,cc,1638646
inputs/2000000_nodes_500000000_edges.txt,13,2,20000000,500000000,13.530824,0.303569,cc,1638646
inputs/2000000_nodes_500000000_edges.txt,14,2,20000000,500000000,13.511110,0.286306,cc,1638646
inputs/2000000_nodes_500000000_edges.txt,15,2,20000000,500000000,13.507325,0.295193,cc,1638646
inputs/2000000_nodes_500000000_edges.txt,16,2,20000000,500000000,13.513701,0.279943,cc,1638646
inputs/2000000_nodes_500000000_edges.txt,17,2,20000000,500000000,13.514094,0.282828,cc,1638646
inputs/2000000_nodes_500000000_edges.txt,18,2,20000000,500000000,13.517277,0.280820,cc,1638646
inputs/2000000_nodes_500000000_edges.txt,19,2,20000000,500000000,13.507862,0.281247,cc,1638646
inputs/2000000_nodes_500000000_edges.txt,20,2,20000000,500000000,13.507976,0.282408,cc,1638646
inputs/2000000_nodes_500000000_edges.txt,21,2,20000000,500000000,13.514029,0.278100,cc,1638646
inputs/2000000_nodes_500000000_edges.txt,22,2,20000000,500000000,13.515485,0.288256,cc,1638646
inputs/2000000_nodes_500000000_edges.txt,23,2,20000000,500000000,13.533297,0.295633,cc,1638646
inputs/2000000_nodes_500000000_edges.txt,24,2,20000000,500000000,13.509606,0.277184,cc,1638646
inputs/2000000_nodes_500000000_edges.txt,25,2,20000000,500000000,13.542263,0.290181,cc,1638646
inputs/2000000_nodes_500000000_edges.txt,26,2,20000000,500000000,13.516995,0.276966,cc,1638646
inputs/2000000_nodes_500000000_edges.txt,27,2,20000000,500000000,13.524003,0.277093,cc,1638646
inputs/2000000_nodes_500000000_edges.txt,28,2,20000000,500000000,13.518133,0.287746,cc,1638646
inputs/2000000_nodes_500000000_edges.txt,29,2,20000000,500000000,13.520977,0.292235,cc,1638646
