inputs/2000000_nodes_500000000_edges.txt,0,32,20000000,500000000,11.668140,1.027824,cc,1638646
inputs/2000000_nodes_500000000_edges.txt,1,32,20000000,500000000,11.281454,0.833230,cc,1638646
inputs/2000000_nodes_500000000_edges.txt,2,32,20000000,500000000,11.163267,0.711210,cc,1638646
inputs/2000000_nodes_500000000_edges.txt,3,32,20000000,500000000,11.155160,0.707071,cc,1638646
inputs/2000000_nodes_500000000_edges.txt,4,32,20000000,500000000,11.233465,0.707602,cc,1638646
inputs/2000000_nodes_500000000_edges.txt,5,32,20000000,500000000,11.156907,0.703557,cc,1638646
inputs/2000000_nodes_500000000_edges.txt,6,32,20000000,500000000,11.191548,0.720531,cc,1638646
inputs/2000000_nodes_500000000_edges.txt,7,32,20000000,500000000,11.182585,0.703201,cc,1638646
inputs/2000000_nodes_500000000_edges.txt,8,32,20000000,500000000,11.158642,0.703449,cc,1638646
inputs/2000000_nodes_500000000_edges.txt,9,32,20000000,500000000,11.158436,0.704655,cc,1638646
inputs/2000000_nodes_500000000_edges.txt,10,32,20000000,500000000,11.159619,0.703899,cc,1638646
inputs/2000000_nodes_500000000_edges.txt,11,32,20000000,500000000,11.181047,0.720588,cc,1638646
inputs/2000000_nodes_500000000_edges.txt,12,32,20000000,500000000,11.166836,0.706563,cc,1638646
inputs/2000000_nodes_500000000_edges.txt,13,32,20000000,500000000,11.166295,0.711825,cc,1638646
inputs/2000000_nodes_500000000_edges.txt,14,32,20000000,500000000,11.186469,0.721672,cc,1638646
inputs/2000000_nodes_500000000_edges.txt,15,32,20000000,500000000,11.165127,0.713761,cc,1638646
inputs/2000000_nodes_500000000_edges.txt,16,32,20000000,500000000,11.151451,0.700934,cc,1638646
inputs/2000000_nodes_500000000_edges.txt,17,32,20000000,500000000,11.157121,0.708093,cc,1638646
inputs/2000000_nodes_500000000_edges.txt,18,32,20000000,500000000,11.153487,0.710927,cc,1638646
inputs/2000000_nodes_500000000_edges.txt,19,32,20000000,500000000,11.163145,0.700549,cc,1638646
inputs/2000000_nodes_500000000_edges.txt,20,32,20000000,500000000,11.161260,0.715305,cc,1638646
inputs/2000000_nodes_500000000_edges.txt,21,32,20000000,500000000,11.163480,0.703321,cc,1638646
inputs/2000000_nodes_500000000_edges.txt,22,32,20000000,500000000,11.161454,0.704923,cc,1638646
inputs/2000000_nodes_500000000_edges.txt,23,32,20000000,500000000,11.224533,0.711704,cc,1638646
inputs/2000000_nodes_500000000_edges.txt,24,32,20000000,500000000,11.157387,0.705523,cc,1638646
inputs/2000000_nodes_500000000_edges.txt,25,32,20000000,500000000,11.164364,0.705390,cc,1638646
inputs/2000000_nodes_500000000_edges.txt,26,32,20000000,500000000,11.160971,0.708767,cc,1638646
inputs/2000000_nodes_500000000_edges.txt,27,32,20000000,500000000,11.185064,0.722676,cc,1638646
inputs/2000000_nodes_500000000_edges.txt,28,32,20000000,500000000,11.169050,0.713511,cc,1638646
inputs/2000000_nodes_500000000_edges.txt,29,32,20000000,500000000,11.157506,0.708691,cc,1638646
