inputs/1000000_nodes_500000000_edges.txt,0,52,10000000,500000000,5.803461,0.632870,cc,350251
inputs/1000000_nodes_500000000_edges.txt,1,52,10000000,500000000,5.539040,0.469705,cc,350251
inputs/1000000_nodes_500000000_edges.txt,2,52,10000000,500000000,5.525572,0.454028,cc,350251
inputs/1000000_nodes_500000000_edges.txt,3,52,10000000,500000000,5.565372,0.484987,cc,350251
inputs/1000000_nodes_500000000_edges.txt,4,52,10000000,500000000,5.515945,0.441431,cc,350251
inputs/1000000_nodes_500000000_edges.txt,5,52,10000000,500000000,5.485690,0.413104,cc,350251
inputs/1000000_nodes_500000000_edges.txt,6,52,10000000,500000000,5.477709,0.418944,cc,350251
inputs/1000000_nodes_500000000_edges.txt,7,52,10000000,500000000,5.513826,0.433658,cc,350251
inputs/1000000_nodes_500000000_edges.txt,8,52,10000000,500000000,5.503322,0.426674,cc,350251
inputs/1000000_nodes_500000000_edges.txt,9,52,10000000,500000000,5.486533,0.414711,cc,350251
inputs/1000000_nodes_500000000_edges.txt,10,52,10000000,500000000,5.490677,0.423770,cc,350251
inputs/1000000_nodes_500000000_edges.txt,11,52,10000000,500000000,5.513646,0.441759,cc,350251
inputs/1000000_nodes_500000000_edges.txt,12,52,10000000,500000000,5.502653,0.431180,cc,350251
inputs/1000000_nodes_500000000_edges.txt,13,52,10000000,500000000,5.487832,0.409007,cc,350251
inputs/1000000_nodes_500000000_edges.txt,14,52,10000000,500000000,5.495692,0.420394,cc,350251
inputs/1000000_nodes_500000000_edges.txt,15,52,10000000,500000000,5.502751,0.417108,cc,350251
inputs/1000000_nodes_500000000_edges.txt,16,52,10000000,500000000,5.494824,0.419310,cc,350251
inputs/1000000_nodes_500000000_edges.txt,17,52,10000000,500000000,5.508662,0.429214,cc,350251
inputs/1000000_nodes_500000000_edges.txt,18,52,10000000,500000000,5.497579,0.423277,cc,350251
inputs/1000000_nodes_500000000_edges.txt,19,52,10000000,500000000,5.497233,0.426258,cc,350251
inputs/1000000_nodes_500000000_edges.txt,20,52,10000000,500000000,5.487690,0.421849,cc,350251
inputs/1000000_nodes_500000000_edges.txt,21,52,10000000,500000000,5.506162,0.426831,cc,350251
inputs/1000000_nodes_500000000_edges.txt,22,52,10000000,500000000,5.498924,0.428577,cc,350251
inputs/1000000_nodes_500000000_edges.txt,23,52,10000000,500000000,5.531293,0.447227,cc,350251
inputs/1000000_nodes_500000000_edges.txt,24,52,10000000,500000000,5.510601,0.431222,cc,350251
inputs/1000000_nodes_500000000_edges.txt,25,52,10000000,500000000,5.485472,0.415184,cc,350251
inputs/1000000_nodes_500000000_edges.txt,26,52,10000000,500000000,5.515175,0.446330,cc,350251
inputs/1000000_nodes_500000000_edges.txt,27,52,10000000,500000000,5.521543,0.436859,cc,350251
inputs/1000000_nodes_500000000_edges.txt,28,52,10000000,500000000,5.500133,0.422024,cc,350251
inputs/1000000_nodes_500000000_edges.txt,29,52,10000000,500000000,5.487997,0.412712,cc,350251
