inputs/500000_nodes_500000000_edges.txt,0,56,500000,500000000,0.633359,0.424567,cc,12
inputs/500000_nodes_500000000_edges.txt,1,56,500000,500000000,0.291397,0.095149,cc,12
inputs/500000_nodes_500000000_edges.txt,2,56,500000,500000000,0.305543,0.110246,cc,12
inputs/500000_nodes_500000000_edges.txt,3,56,500000,500000000,0.272969,0.077552,cc,12
inputs/500000_nodes_500000000_edges.txt,4,56,500000,500000000,0.287404,0.090164,cc,12
inputs/500000_nodes_500000000_edges.txt,5,56,500000,500000000,0.303237,0.106239,cc,12
inputs/500000_nodes_500000000_edges.txt,6,56,500000,500000000,0.281076,0.084304,cc,12
inputs/500000_nodes_500000000_edges.txt,7,56,500000,500000000,0.280008,0.083061,cc,12
inputs/500000_nodes_500000000_edges.txt,8,56,500000,500000000,0.278538,0.080860,cc,12
inputs/500000_nodes_500000000_edges.txt,9,56,500000,500000000,0.279428,0.082725,cc,12
inputs/500000_nodes_500000000_edges.txt,10,56,500000,500000000,0.273684,0.077713,cc,12
inputs/500000_nodes_500000000_edges.txt,11,56,500000,500000000,0.282711,0.086719,cc,12
inputs/500000_nodes_500000000_edges.txt,12,56,500000,500000000,0.277978,0.082022,cc,12
inputs/500000_nodes_500000000_edges.txt,13,56,500000,500000000,0.278518,0.082953,cc,12
inputs/500000_nodes_500000000_edges.txt,14,56,500000,500000000,0.289573,0.093904,cc,12
inputs/500000_nodes_500000000_edges.txt,15,56,500000,500000000,0.279029,0.082968,cc,12
inputs/500000_nodes_500000000_edges.txt,16,56,500000,500000000,0.286016,0.089953,cc,12
inputs/500000_nodes_500000000_edges.txt,17,56,500000,500000000,0.284139,0.087825,cc,12
inputs/500000_nodes_500000000_edges.txt,18,56,500000,500000000,0.272770,0.076611,cc,12
inputs/500000_nodes_500000000_edges.txt,19,56,500000,500000000,0.294981,0.098679,cc,12
inputs/500000_nodes_500000000_edges.txt,20,56,500000,500000000,0.283909,0.087918,cc,12
inputs/500000_nodes_500000000_edges.txt,21,56,500000,500000000,0.279032,0.082902,cc,12
inputs/500000_nodes_500000000_edges.txt,22,56,500000,500000000,0.272411,0.075684,cc,12
inputs/500000_nodes_500000000_edges.txt,23,56,500000,500000000,0.281655,0.085622,cc,12
inputs/500000_nodes_500000000_edges.txt,24,56,500000,500000000,0.289697,0.093533,cc,12
inputs/500000_nodes_500000000_edges.txt,25,56,500000,500000000,0.279610,0.083030,cc,12
inputs/500000_nodes_500000000_edges.txt,26,56,500000,500000000,0.278047,0.082073,cc,12
inputs/500000_nodes_500000000_edges.txt,27,56,500000,500000000,0.290266,0.094487,cc,12
inputs/500000_nodes_500000000_edges.txt,28,56,500000,500000000,0.287681,0.091596,cc,12
inputs/500000_nodes_500000000_edges.txt,29,56,500000,500000000,0.289151,0.092785,cc,12
