inputs/2000000_nodes_500000000_edges.txt,0,40,20000000,500000000,11.498341,1.006149,cc,1638646
inputs/2000000_nodes_500000000_edges.txt,1,40,20000000,500000000,11.173930,0.851638,cc,1638646
inputs/2000000_nodes_500000000_edges.txt,2,40,20000000,500000000,10.971248,0.667948,cc,1638646
inputs/2000000_nodes_500000000_edges.txt,3,40,20000000,500000000,10.917644,0.605867,cc,1638646
inputs/2000000_nodes_500000000_edges.txt,4,40,20000000,500000000,10.916393,0.613113,cc,1638646
inputs/2000000_nodes_500000000_edges.txt,5,40,20000000,500000000,10.898047,0.581427,cc,1638646
inputs/2000000_nodes_500000000_edges.txt,6,40,20000000,500000000,10.901123,0.587073,cc,1638646
inputs/2000000_nodes_500000000_edges.txt,7,40,20000000,500000000,10.896429,0.585516,cc,1638646
inputs/2000000_nodes_500000000_edges.txt,8,40,20000000,500000000,10.894451,0.583785,cc,1638646
inputs/2000000_nodes_500000000_edges.txt,9,40,20000000,500000000,10.907611,0.595415,cc,1638646
inputs/2000000_nodes_500000000_edges.txt,10,40,20000000,500000000,10.888283,0.580082,cc,1638646
inputs/2000000_nodes_500000000_edges.txt,11,40,20000000,500000000,10.929898,0.614284,cc,1638646
inputs/2000000_nodes_500000000_edges.txt,12,40,20000000,500000000,10.903878,0.587734,cc,1638646
inputs/2000000_nodes_500000000_edges.txt,13,40,20000000,500000000,10.896085,0.582688,cc,1638646
inputs/2000000_nodes_500000000_edges.txt,14,40,20000000,500000000,11.113521,0.579257,cc,1638646
inputs/2000000_nodes_500000000_edges.txt,15,40,20000000,500000000,10.886585,0.578362,cc,1638646
inputs/2000000_nodes_500000000_edges.txt,16,40,20000000,500000000,10.888457,0.580857,cc,1638646
inputs/2000000_nodes_500000000_edges.txt,17,40,20000000,500000000,10.888594,0.582403,cc,1638646
inputs/2000000_nodes_500000000_edges.txt,18,40,20000000,500000000,10.925711,0.622477,cc,1638646
inputs/2000000_nodes_500000000_edges.txt,19,40,20000000,500000000,10.894930,0.585407,cc,1638646
inputs/2000000_nodes_500000000_edges.txt,20,40,20000000,500000000,10.913864,0.594869,cc,1638646
inputs/2000000_nodes_500000000_edges.txt,21,40,20000000,500000000,10.899823,0.589077,cc,1638646
inputs/2000000_nodes_500000000_edges.txt,22,40,20000000,500000000,10.907222,0.580410,cc,1638646
inputs/2000000_nodes_500000000_edges.txt,23,40,20000000,500000000,10.900457,0.598295,cc,1638646
inputs/2000000_nodes_500000000_edges.txt,24,40,20000000,500000000,10.886547,0.581616,cc,1638646
inputs/2000000_nodes_500000000_edges.txt,25,40,20000000,500000000,10.924794,0.616724,cc,1638646
inputs/2000000_nodes_500000000_edges.txt,26,40,20000000,500000000,10.917407,0.595405,cc,1638646
inputs/2000000_nodes_500000000_edges.txt,27,40,20000000,500000000,10.917456,0.589156,cc,1638646
inputs/2000000_nodes_500000000_edges.txt,28,40,20000000,500000000,10.885531,0.584935,cc,1638646
inputs/2000000_nodes_500000000_edges.txt,29,40,20000000,500000000,10.901429,0.593252,cc,1638646
