inputs/2000000_nodes_500000000_edges.txt,0,48,20000000,500000000,11.487891,1.046020,cc,1638646
inputs/2000000_nodes_500000000_edges.txt,1,48,20000000,500000000,11.241752,0.945377,cc,1638646
inputs/2000000_nodes_500000000_edges.txt,2,48,20000000,500000000,11.017683,0.719970,cc,1638646
inputs/2000000_nodes_500000000_edges.txt,3,48,20000000,500000000,10.950296,0.670943,cc,1638646
inputs/2000000_nodes_500000000_edges.txt,4,48,20000000,500000000,10.967928,0.693023,cc,1638646
inputs/2000000_nodes_500000000_edges.txt,5,48,20000000,500000000,10.955531,0.679157,cc,1638646
inputs/2000000_nodes_500000000_edges.txt,6,48,20000000,500000000,10.960205,0.676077,cc,1638646
inputs/2000000_nodes_500000000_edges.txt,7,48,20000000,500000000,10.956262,0.684975,cc,1638646
inputs/2000000_nodes_500000000_edges.txt,8,48,20000000,500000000,10.980424,0.700975,cc,1638646
inputs/2000000_nodes_500000000_edges.txt,9,48,20000000,500000000,10.981500,0.690694,cc,1638646
inputs/2000000_nodes_500000000_edges.txt,10,48,20000000,500000000,10.955307,0.674134,cc,1638646
inputs/2000000_nodes_500000000_edges.txt,11,48,20000000,500000000,10.985192,0.699771,cc,1638646
inputs/2000000_nodes_500000000_edges.txt,12,48,20000000,500000000,10.966967,0.676902,cc,1638646
inputs/2000000_nodes_500000000_edges.txt,13,48,20000000,500000000,10.970168,0.678336,cc,1638646
inputs/2000000_nodes_500000000_edges.txt,14,48,20000000,500000000,10.948332,0.677109,cc,1638646
inputs/2000000_nodes_500000000_edges.txt,15,48,20000000,500000000,10.960156,0.673991,cc,1638646
inputs/2000000_nodes_500000000_edges.txt,16,48,20000000,500000000,10.958108,0.673680,cc,1638646
inputs/2000000_nodes_500000000_edges.txt,17,48,20000000,500000000,10.955572,0.674614,cc,1638646
inputs/2000000_nodes_500000000_edges.txt,18,48,20000000,500000000,10.973611,0.690454,cc,1638646
inputs/2000000_nodes_500000000_edges.txt,19,48,20000000,500000000,10.974629,0.686304,cc,1638646
inputs/2000000_nodes_500000000_edges.txt,20,48,20000000,500000000,10.976201,0.681580,cc,1638646
inputs/2000000_nodes_500000000_edges.txt,21,48,20000000,500000000,10.954502,0.685945,cc,1638646
inputs/2000000_nodes_500000000_edges.txt,22,48,20000000,500000000,10.933794,0.667042,cc,1638646
inputs/2000000_nodes_500000000_edges.txt,23,48,20000000,500000000,10.971530,0.683104,cc,1638646
inputs/2000000_nodes_500000000_edges.txt,24,48,20000000,500000000,10.975329,0.682248,cc,1638646
inputs/2000000_nodes_500000000_edges.txt,25,48,20000000,500000000,10.974016,0.688902,cc,1638646
inputs/2000000_nodes_500000000_edges.txt,26,48,20000000,500000000,10.947489,0.670973,cc,1638646
inputs/2000000_nodes_500000000_edges.txt,27,48,20000000,500000000,10.984399,0.683806,cc,1638646
inputs/2000000_nodes_500000000_edges.txt,28,48,20000000,500000000,10.974105,0.685029,cc,1638646
inputs/2000000_nodes_500000000_edges.txt,29,48,20000000,500000000,10.960109,0.680381,cc,1638646
