inputs/1000000_nodes_500000000_edges.txt,0,20,10000000,500000000,5.496865,0.431168,cc,350251
inputs/1000000_nodes_500000000_edges.txt,1,20,10000000,500000000,5.511134,0.519979,cc,350251
inputs/1000000_nodes_500000000_edges.txt,2,20,10000000,500000000,5.435569,0.449953,cc,350251
inputs/1000000_nodes_500000000_edges.txt,3,20,10000000,500000000,5.401480,0.491894,cc,350251
inputs/1000000_nodes_500000000_edges.txt,4,20,10000000,500000000,5.388168,0.481689,cc,350251
inputs/1000000_nodes_500000000_edges.txt,5,20,10000000,500000000,5.385043,0.472669,cc,350251
inputs/1000000_nodes_500000000_edges.txt,6,20,10000000,500000000,5.416951,0.488182,cc,350251
inputs/1000000_nodes_500000000_edges.txt,7,20,10000000,500000000,5.383760,0.471295,cc,350251
inputs/1000000_nodes_500000000_edges.txt,8,20,10000000,500000000,5.383442,0.476380,cc,350251
inputs/1000000_nodes_500000000_edges.txt,9,20,10000000,500000000,5.382946,0.477698,cc,350251
inputs/1000000_nodes_500000000_edges.txt,10,20,10000000,500000000,5.401668,0.495566,cc,350251
inputs/1000000_nodes_500000000_edges.txt,11,20,10000000,500000000,5.413887,0.486399,cc,350251
inputs/1000000_nodes_500000000_edges.txt,12,20,10000000,500000000,5.388707,0.482514,cc,350251
inputs/1000000_nodes_500000000_edges.txt,13,20,10000000,500000000,5.392922,0.484869,cc,350251
inputs/1000000_nodes_500000000_edges.txt,14,20,10000000,500000000,5.416320,0.485152,cc,350251
inputs/1000000_nodes_500000000_edges.txt,15,20,10000000,500000000,5.411735,0.486316,cc,350251
inputs/1000000_nodes_500000000_edges.txt,16,20,10000000,500000000,5.407536,0.470262,cc,350251
inputs/1000000_nodes_500000000_edges.txt,17,20,10000000,500000000,5.407652,0.486738,cc,350251
inputs/1000000_nodes_500000000_edges.txt,18,20,10000000,500000000,5.407686,0.477752,cc,350251
inputs/1000000_nodes_500000000_edges.txt,19,20,10000000,500000000,5.397243,0.478818,cc,350251
inputs/1000000_nodes_500000000_edges.txt,20,20,10000000,500000000,5.394051,0.478494,cc,350251
inputs/1000000_nodes_500000000_edges.txt,21,20,10000000,500000000,5.399171,0.482099,cc,350251
inputs/1000000_nodes_500000000_edges.txt,22,20,10000000,500000000,5.400280,0.471773,cc,350251
inputs/1000000_nodes_500000000_edges.txt,23,20,10000000,500000000,5.391357,0.471720,cc,350251
inputs/1000000_nodes_500000000_edges.txt,24,20,10000000,500000000,5.403289,0.484945,cc,350251
inputs/1000000_nodes_500000000_edges.txt,25,20,10000000,500000000,5.391234,0.487188,cc,350251
inputs/1000000_nodes_500000000_edges.txt,26,20,10000000,500000000,5.409330,0.491604,cc,350251
inputs/1000000_nodes_500000000_edges.txt,27,20,10000000,500000000,5.388957,0.475689,cc,350251
inputs/1000000_nodes_500000000_edges.txt,28,20,10000000,500000000,5.400888,0.484168,cc,350251
inputs/1000000_nodes_500000000_edges.txt,29,20,10000000,500000000,5.397161,0.481184,cc,350251
