inputs/1000000_nodes_500000000_edges.txt,0,2,10000000,500000000,8.271943,0.560423,cc,350251
inputs/1000000_nodes_500000000_edges.txt,1,2,10000000,500000000,8.178983,0.541138,cc,350251
inputs/1000000_nodes_500000000_edges.txt,2,2,10000000,500000000,8.204149,0.576446,cc,350251
inputs/1000000_nodes_500000000_edges.txt,3,2,10000000,500000000,8.207093,0.575812,cc,350251
inputs/1000000_nodes_500000000_edges.txt,4,2,10000000,500000000,8.212497,0.584285,cc,350251
inputs/1000000_nodes_500000000_edges.txt,5,2,10000000,500000000,8.203078,0.574282,cc,350251
inputs/1000000_nodes_500000000_edges.txt,6,2,10000000,500000000,8.217700,0.576493,cc,350251
inputs/1000000_nodes_500000000_edges.txt,7,2,10000000,500000000,8.206763,0.574676,cc,350251
inputs/1000000_nodes_500000000_edges.txt,8,2,10000000,500000000,8.207036,0.580826,cc,350251
inputs/1000000_nodes_500000000_edges.txt,9,2,10000000,500000000,8.209634,0.569320,cc,350251
inputs/1000000_nodes_500000000_edges.txt,10,2,10000000,500000000,8.205242,0.575497,cc,350251
inputs/1000000_nodes_500000000_edges.txt,11,2,10000000,500000000,8.207641,0.583851,cc,350251
inputs/1000000_nodes_500000000_edges.txt,12,2,10000000,500000000,9.363831,1.720379,cc,350251
inputs/1000000_nodes_500000000_edges.txt,13,2,10000000,500000000,8.215632,0.585348,cc,350251
inputs/1000000_nodes_500000000_edges.txt,14,2,10000000,500000000,8.200065,0.571175,cc,350251
inputs/1000000_nodes_500000000_edges.txt,15,2,10000000,500000000,8.223512,0.568956,cc,350251
inputs/1000000_nodes_500000000_edges.txt,16,2,10000000,500000000,8.258009,0.630066,cc,350251
inputs/1000000_nodes_500000000_edges.txt,17,2,10000000,500000000,8.271741,0.640907,cc,350251
inputs/1000000_nodes_500000000_edges.txt,18,2,10000000,500000000,8.262098,0.622193,cc,350251
inputs/1000000_nodes_500000000_edges.txt,19,2,10000000,500000000,8.265633,0.638371,cc,350251
inputs/1000000_nodes_500000000_edges.txt,20,2,10000000,500000000,8.255396,0.626598,cc,350251
inputs/1000000_nodes_500000000_edges.txt,21,2,10000000,500000000,8.739655,1.028546,cc,350251
inputs/1000000_nodes_500000000_edges.txt,22,2,10000000,500000000,8.266556,0.634042,cc,350251
inputs/1000000_nodes_500000000_edges.txt,23,2,10000000,500000000,8.265566,0.628473,cc,350251
inputs/1000000_nodes_500000000_edges.txt,24,2,10000000,500000000,8.266172,0.625273,cc,350251
inputs/1000000_nodes_500000000_edges.txt,25,2,10000000,500000000,8.271398,0.634158,cc,350251
inputs/1000000_nodes_500000000_edges.txt,26,2,10000000,500000000,8.264948,0.631537,cc,350251
inputs/1000000_nodes_500000000_edges.txt,27,2,10000000,500000000,8.391682,0.758843,cc,350251
inputs/1000000_nodes_500000000_edges.txt,28,2,10000000,500000000,8.261806,0.624672,cc,350251
inputs/1000000_nodes_500000000_edges.txt,29,2,10000000,500000000,8.269585,0.632524,cc,350251
