inputs/500000_nodes_500000000_edges.txt,0,1,500000,500000000,3.414548,0.003244,cc,12
inputs/500000_nodes_500000000_edges.txt,1,1,500000,500000000,3.398312,0.003215,cc,12
inputs/500000_nodes_500000000_edges.txt,2,1,500000,500000000,3.390316,0.003249,cc,12
inputs/500000_nodes_500000000_edges.txt,3,1,500000,500000000,3.396049,0.003217,cc,12
inputs/500000_nodes_500000000_edges.txt,4,1,500000,500000000,3.395313,0.003212,cc,12
inputs/500000_nodes_500000000_edges.txt,5,1,500000,500000000,4.053972,0.003236,cc,12
inputs/500000_nodes_500000000_edges.txt,6,1,500000,500000000,3.427559,0.003218,cc,12
inputs/500000_nodes_500000000_edges.txt,7,1,500000,500000000,3.395666,0.003216,cc,12
inputs/500000_nodes_500000000_edges.txt,8,1,500000,500000000,3.390505,0.003208,cc,12
inputs/500000_nodes_500000000_edges.txt,9,1,500000,500000000,3.389553,0.003214,cc,12
inputs/500000_nodes_500000000_edges.txt,10,1,500000,500000000,3.389423,0.003214,cc,12
inputs/500000_nodes_500000000_edges.txt,11,1,500000,500000000,3.394478,0.003215,cc,12
inputs/500000_nodes_500000000_edges.txt,12,1,500000,500000000,3.397999,0.003211,cc,12
inputs/500000_nodes_500000000_edges.txt,13,1,500000,500000000,3.397388,0.003215,cc,12
inputs/500000_nodes_500000000_edges.txt,14,1,500000,500000000,3.395672,0.003205,cc,12
inputs/500000_nodes_500000000_edges.txt,15,1,500000,500000000,3.389165,0.003215,cc,12
inputs/500000_nodes_500000000_edges.txt,16,1,500000,500000000,3.386531,0.003207,cc,12
inputs/500000_nodes_500000000_edges.txt,17,1,500000,500000000,3.394840,0.003210,cc,12
inputs/500000_nodes_500000000_edges.txt,18,1,500000,500000000,3.396072,0.003210,cc,12
inputs/500000_nodes_500000000_edges.txt,19,1,500000,500000000,3.390225,0.003213,cc,12
inputs/500000_nodes_500000000_edges.txt,20,1,500000,500000000,3.396658,0.003212,cc,12
inputs/500000_nodes_500000000_edges.txt,21,1,500000,500000000,3.394426,0.003206,cc,12
inputs/500000_nodes_500000000_edges.txt,22,1,500000,500000000,3.389774,0.003206,cc,12
inputs/500000_nodes_500000000_edges.txt,23,1,500000,500000000,3.398327,0.003209,cc,12
inputs/500000_nodes_500000000_edges.txt,24,1,500000,500000000,3.396277,0.003210,cc,12
inputs/500000_nodes_500000000_edges.txt,25,1,500000,500000000,3.396323,0.003207,cc,12
inputs/500000_nodes_500000000_edges.txt,26,1,500000,500000000,3.394779,0.003213,cc,12
inputs/500000_nodes_500000000_edges.txt,27,1,500000,500000000,3.396229,0.003216,cc,12
inputs/500000_nodes_500000000_edges.txt,28,1,500000,500000000,3.398321,0.003208,cc,12
inputs/500000_nodes_500000000_edges.txt,29,1,500000,500000000,3.396511,0.003214,cc,12
