inputs/1000000_nodes_500000000_edges.txt,0,1,10000000,500000000,12.003729,0.075294,cc,350251
inputs/1000000_nodes_500000000_edges.txt,1,1,10000000,500000000,11.994968,0.075210,cc,350251
inputs/1000000_nodes_500000000_edges.txt,2,1,10000000,500000000,11.993307,0.075228,cc,350251
inputs/1000000_nodes_500000000_edges.txt,3,1,10000000,500000000,11.992659,0.074940,cc,350251
inputs/1000000_nodes_500000000_edges.txt,4,1,10000000,500000000,12.010362,0.075231,cc,350251
inputs/1000000_nodes_500000000_edges.txt,5,1,10000000,500000000,11.989795,0.075010,cc,350251
inputs/1000000_nodes_500000000_edges.txt,6,1,10000000,500000000,11.991414,0.075212,cc,350251
inputs/1000000_nodes_500000000_edges.txt,7,1,10000000,500000000,11.987818,0.075034,cc,350251
inputs/1000000_nodes_500000000_edges.txt,8,1,10000000,500000000,11.999610,0.075140,cc,350251
inputs/1000000_nodes_500000000_edges.txt,9,1,10000000,500000000,11.991500,0.074827,cc,350251
inputs/1000000_nodes_500000000_edges.txt,10,1,10000000,500000000,11.990503,0.075890,cc,350251
inputs/1000000_nodes_500000000_edges.txt,11,1,10000000,500000000,11.991210,0.075018,cc,350251
inputs/1000000_nodes_500000000_edges.txt,12,1,10000000,500000000,12.002436,0.075045,cc,350251
inputs/1000000_nodes_500000000_edges.txt,13,1,10000000,500000000,11.997117,0.075072,cc,350251
inputs/1000000_nodes_500000000_edges.txt,14,1,10000000,500000000,12.012219,0.075339,cc,350251
inputs/1000000_nodes_500000000_edges.txt,15,1,10000000,500000000,12.005605,0.075279,cc,350251
inputs/1000000_nodes_500000000_edges.txt,16,1,10000000,500000000,11.995384,0.075349,cc,350251
inputs/1000000_nodes_500000000_edges.txt,17,1,10000000,500000000,12.004837,0.075197,cc,350251
inputs/1000000_nodes_500000000_edges.txt,18,1,10000000,500000000,11.998293,0.075128,cc,350251
inputs/1000000_nodes_500000000_edges.txt,19,1,10000000,500000000,12.002548,0.075283,cc,350251
inputs/1000000_nodes_500000000_edges.txt,20,1,10000000,500000000,11.997274,0.075007,cc,350251
inputs/1000000_nodes_500000000_edges.txt,21,1,10000000,500000000,11.998251,0.075271,cc,350251
inputs/1000000_nodes_500000000_edges.txt,22,1,10000000,500000000,11.998619,0.075378,cc,350251
inputs/1000000_nodes_500000000_edges.txt,23,1,10000000,500000000,11.977941,0.075543,cc,350251
inputs/1000000_nodes_500000000_edges.txt,24,1,10000000,500000000,12.001177,0.075187,cc,350251
inputs/1000000_nodes_500000000_edges.txt,25,1,10000000,500000000,11.996089,0.075246,cc,350251
inputs/1000000_nodes_500000000_edges.txt,26,1,10000000,500000000,11.986158,0.075185,cc,350251
inputs/1000000_nodes_500000000_edges.txt,27,1,10000000,500000000,11.997295,0.075367,cc,350251
inputs/1000000_nodes_500000000_edges.txt,28,1,10000000,500000000,11.998763,0.075240,cc,350251
inputs/1000000_nodes_500000000_edges.txt,29,1,10000000,500000000,12.058192,0.075320,cc,350251
