inputs/1000000_nodes_500000000_edges.txt,0,28,10000000,500000000,5.745133,0.541887,cc,350251
inputs/1000000_nodes_500000000_edges.txt,1,28,10000000,500000000,5.594643,0.434176,cc,350251
inputs/1000000_nodes_500000000_edges.txt,2,28,10000000,500000000,5.577521,0.428190,cc,350251
inputs/1000000_nodes_500000000_edges.txt,3,28,10000000,500000000,5.591296,0.457427,cc,350251
inputs/1000000_nodes_500000000_edges.txt,4,28,10000000,500000000,5.586848,0.438078,cc,350251
inputs/1000000_nodes_500000000_edges.txt,5,28,10000000,500000000,5.564588,0.424596,cc,350251
inputs/1000000_nodes_500000000_edges.txt,6,28,10000000,500000000,5.581851,0.440734,cc,350251
inputs/1000000_nodes_500000000_edges.txt,7,28,10000000,500000000,5.590932,0.437749,cc,350251
inputs/1000000_nodes_500000000_edges.txt,8,28,10000000,500000000,5.577448,0.440078,cc,350251
inputs/1000000_nodes_500000000_edges.txt,9,28,10000000,500000000,5.580080,0.429616,cc,350251
inputs/1000000_nodes_500000000_edges.txt,10,28,10000000,500000000,5.570792,0.423704,cc,350251
inputs/1000000_nodes_500000000_edges.txt,11,28,10000000,500000000,5.584402,0.447075,cc,350251
inputs/1000000_nodes_500000000_edges.txt,12,28,10000000,500000000,5.598658,0.435249,cc,350251
inputs/1000000_nodes_500000000_edges.txt,13,28,10000000,500000000,5.559241,0.424359,cc,350251
inputs/1000000_nodes_500000000_edges.txt,14,28,10000000,500000000,5.574906,0.439512,cc,350251
inputs/1000000_nodes_500000000_edges.txt,15,28,10000000,500000000,5.578120,0.431569,cc,350251
inputs/1000000_nodes_500000000_edges.txt,16,28,10000000,500000000,5.585742,0.431583,cc,350251
inputs/1000000_nodes_500000000_edges.txt,17,28,10000000,500000000,5.651757,0.496876,cc,350251
inputs/1000000_nodes_500000000_edges.txt,18,28,10000000,500000000,5.557999,0.433702,cc,350251
inputs/1000000_nodes_500000000_edges.txt,19,28,10000000,500000000,5.574063,0.439673,cc,350251
inputs/1000000_nodes_500000000_edges.txt,20,28,10000000,500000000,5.581961,0.444189,cc,350251
inputs/1000000_nodes_500000000_edges.txt,21,28,10000000,500000000,5.574221,0.431413,cc,350251
inputs/1000000_nodes_500000000_edges.txt,22,28,10000000,500000000,5.569720,0.434907,cc,350251
inputs/1000000_nodes_500000000_edges.txt,23,28,10000000,500000000,5.607139,0.437420,cc,350251
inputs/1000000_nodes_500000000_edges.txt,24,28,10000000,500000000,5.623542,0.463649,cc,350251
inputs/1000000_nodes_500000000_edges.txt,25,28,10000000,500000000,5.577959,0.425845,cc,350251
inputs/1000000_nodes_500000000_edges.txt,26,28,10000000,500000000,5.566967,0.429065,cc,350251
inputs/1000000_nodes_500000000_edges.txt,27,28,10000000,500000000,5.568911,0.428573,cc,350251
inputs/1000000_nodes_500000000_edges.txt,28,28,10000000,500000000,5.580700,0.429026,cc,350251
inputs/1000000_nodes_500000000_edges.txt,29,28,10000000,500000000,5.585256,0.430495,cc,350251
