inputs/500000_nodes_500000000_edges.txt,0,16,500000,500000000,0.688165,0.385133,cc,12
inputs/500000_nodes_500000000_edges.txt,1,16,500000,500000000,0.463394,0.201960,cc,12
inputs/500000_nodes_500000000_edges.txt,2,16,500000,500000000,0.461865,0.199728,cc,12
inputs/500000_nodes_500000000_edges.txt,3,16,500000,500000000,0.467067,0.205069,cc,12
inputs/500000_nodes_500000000_edges.txt,4,16,500000,500000000,0.462785,0.201324,cc,12
inputs/500000_nodes_500000000_edges.txt,5,16,500000,500000000,0.463113,0.201135,cc,12
inputs/500000_nodes_500000000_edges.txt,6,16,500000,500000000,0.476241,0.214247,cc,12
inputs/500000_nodes_500000000_edges.txt,7,16,500000,500000000,0.463749,0.202424,cc,12
inputs/500000_nodes_500000000_edges.txt,8,16,500000,500000000,0.463346,0.201429,cc,12
inputs/500000_nodes_500000000_edges.txt,9,16,500000,500000000,0.465073,0.203146,cc,12
inputs/500000_nodes_500000000_edges.txt,10,16,500000,500000000,0.465352,0.203884,cc,12
inputs/500000_nodes_500000000_edges.txt,11,16,500000,500000000,0.464960,0.202591,cc,12
inputs/500000_nodes_500000000_edges.txt,12,16,500000,500000000,0.463618,0.201645,cc,12
inputs/500000_nodes_500000000_edges.txt,13,16,500000,500000000,0.470647,0.209069,cc,12
inputs/500000_nodes_500000000_edges.txt,14,16,500000,500000000,0.449817,0.187906,cc,12
inputs/500000_nodes_500000000_edges.txt,15,16,500000,500000000,0.448786,0.187225,cc,12
inputs/500000_nodes_500000000_edges.txt,16,16,500000,500000000,0.455700,0.194283,cc,12
inputs/500000_nodes_500000000_edges.txt,17,16,500000,500000000,0.449211,0.187146,cc,12
inputs/500000_nodes_500000000_edges.txt,18,16,500000,500000000,0.448332,0.186586,cc,12
inputs/500000_nodes_500000000_edges.txt,19,16,500000,500000000,0.446914,0.185320,cc,12
inputs/500000_nodes_500000000_edges.txt,20,16,500000,500000000,0.450354,0.188212,cc,12
inputs/500000_nodes_500000000_edges.txt,21,16,500000,500000000,0.450140,0.187769,cc,12
inputs/500000_nodes_500000000_edges.txt,22,16,500000,500000000,0.449651,0.188000,cc,12
inputs/500000_nodes_500000000_edges.txt,23,16,500000,500000000,0.448315,0.186315,cc,12
inputs/500000_nodes_500000000_edges.txt,24,16,500000,500000000,0.448790,0.186854,cc,12
inputs/500000_nodes_500000000_edges.txt,25,16,500000,500000000,0.451837,0.190098,cc,12
inputs/500000_nodes_500000000_edges.txt,26,16,500000,500000000,0.446454,0.184152,cc,12
inputs/500000_nodes_500000000_edges.txt,27,16,500000,500000000,0.457339,0.195111,cc,12
inputs/500000_nodes_500000000_edges.txt,28,16,500000,500000000,0.454254,0.192775,cc,12
inputs/500000_nodes_500000000_edges.txt,29,16,500000,500000000,0.453461,0.190764,cc,12
