inputs/500000_nodes_500000000_edges.txt,0,12,500000,500000000,0.647690,0.304814,cc,12
inputs/500000_nodes_500000000_edges.txt,1,12,500000,500000000,0.603531,0.267057,cc,12
inputs/500000_nodes_500000000_edges.txt,2,12,500000,500000000,0.601183,0.264646,cc,12
inputs/500000_nodes_500000000_edges.txt,3,12,500000,500000000,0.597556,0.260814,cc,12
inputs/500000_nodes_500000000_edges.txt,4,12,500000,500000000,0.597348,0.261617,cc,12
inputs/500000_nodes_500000000_edges.txt,5,12,500000,500000000,0.594484,0.257733,cc,12
inputs/500000_nodes_500000000_edges.txt,6,12,500000,500000000,0.595671,0.259135,cc,12
inputs/500000_nodes_500000000_edges.txt,7,12,500000,500000000,0.597498,0.260128,cc,12
inputs/500000_nodes_500000000_edges.txt,8,12,500000,500000000,0.592550,0.255745,cc,12
inputs/500000_nodes_500000000_edges.txt,9,12,500000,500000000,0.597751,0.260445,cc,12
inputs/500000_nodes_500000000_edges.txt,10,12,500000,500000000,0.516557,0.179509,cc,12
inputs/500000_nodes_500000000_edges.txt,11,12,500000,500000000,0.534866,0.198941,cc,12
inputs/500000_nodes_500000000_edges.txt,12,12,500000,500000000,0.520638,0.183685,cc,12
inputs/500000_nodes_500000000_edges.txt,13,12,500000,500000000,0.521230,0.184209,cc,12
inputs/500000_nodes_500000000_edges.txt,14,12,500000,500000000,0.517251,0.180729,cc,12
inputs/500000_nodes_500000000_edges.txt,15,12,500000,500000000,0.515570,0.178278,cc,12
inputs/500000_nodes_500000000_edges.txt,16,12,500000,500000000,0.521572,0.185356,cc,12
inputs/500000_nodes_500000000_edges.txt,17,12,500000,500000000,0.520062,0.183132,cc,12
inputs/500000_nodes_500000000_edges.txt,18,12,500000,500000000,0.523524,0.186874,cc,12
inputs/500000_nodes_500000000_edges.txt,19,12,500000,500000000,0.517329,0.180707,cc,12
inputs/500000_nodes_500000000_edges.txt,20,12,500000,500000000,0.521333,0.184625,cc,12
inputs/500000_nodes_500000000_edges.txt,21,12,500000,500000000,0.538473,0.202445,cc,12
inputs/500000_nodes_500000000_edges.txt,22,12,500000,500000000,0.525611,0.188347,cc,12
inputs/500000_nodes_500000000_edges.txt,23,12,500000,500000000,0.516629,0.178266,cc,12
inputs/500000_nodes_500000000_edges.txt,24,12,500000,500000000,0.520716,0.184335,cc,12
inputs/500000_nodes_500000000_edges.txt,25,12,500000,500000000,0.515387,0.178406,cc,12
inputs/500000_nodes_500000000_edges.txt,26,12,500000,500000000,0.519989,0.184100,cc,12
inputs/500000_nodes_500000000_edges.txt,27,12,500000,500000000,0.514346,0.177654,cc,12
inputs/500000_nodes_500000000_edges.txt,28,12,500000,500000000,0.520569,0.183649,cc,12
inputs/500000_nodes_500000000_edges.txt,29,12,500000,500000000,0.520132,0.183678,cc,12
