inputs/500000_nodes_500000000_edges.txt,0,40,500000,500000000,0.481924,0.263483,cc,12
inputs/500000_nodes_500000000_edges.txt,1,40,500000,500000000,0.322406,0.116192,cc,12
inputs/500000_nodes_500000000_edges.txt,2,40,500000,500000000,0.308487,0.103238,cc,12
inputs/500000_nodes_500000000_edges.txt,3,40,500000,500000000,0.305927,0.101108,cc,12
inputs/500000_nodes_500000000_edges.txt,4,40,500000,500000000,0.305869,0.100505,cc,12
inputs/500000_nodes_500000000_edges.txt,5,40,500000,500000000,0.305940,0.100998,cc,12
inputs/500000_nodes_500000000_edges.txt,6,40,500000,500000000,0.310992,0.105973,cc,12
inputs/500000_nodes_500000000_edges.txt,7,40,500000,500000000,0.305783,0.100108,cc,12
inputs/500000_nodes_500000000_edges.txt,8,40,500000,500000000,0.307673,0.102459,cc,12
inputs/500000_nodes_500000000_edges.txt,9,40,500000,500000000,0.308179,0.102824,cc,12
inputs/500000_nodes_500000000_edges.txt,10,40,500000,500000000,0.310893,0.105446,cc,12
inputs/500000_nodes_500000000_edges.txt,11,40,500000,500000000,0.307698,0.102481,cc,12
inputs/500000_nodes_500000000_edges.txt,12,40,500000,500000000,0.295877,0.090149,cc,12
inputs/500000_nodes_500000000_edges.txt,13,40,500000,500000000,0.295913,0.090363,cc,12
inputs/500000_nodes_500000000_edges.txt,14,40,500000,500000000,0.296875,0.090906,cc,12
inputs/500000_nodes_500000000_edges.txt,15,40,500000,500000000,0.295617,0.089774,cc,12
inputs/500000_nodes_500000000_edges.txt,16,40,500000,500000000,0.301108,0.095441,cc,12
inputs/500000_nodes_500000000_edges.txt,17,40,500000,500000000,0.303795,0.098306,cc,12
inputs/500000_nodes_500000000_edges.txt,18,40,500000,500000000,0.304084,0.098286,cc,12
inputs/500000_nodes_500000000_edges.txt,19,40,500000,500000000,0.305165,0.099853,cc,12
inputs/500000_nodes_500000000_edges.txt,20,40,500000,500000000,0.298366,0.092683,cc,12
inputs/500000_nodes_500000000_edges.txt,21,40,500000,500000000,0.295298,0.089553,cc,12
inputs/500000_nodes_500000000_edges.txt,22,40,500000,500000000,0.305421,0.099974,cc,12
inputs/500000_nodes_500000000_edges.txt,23,40,500000,500000000,0.300790,0.095164,cc,12
inputs/500000_nodes_500000000_edges.txt,24,40,500000,500000000,0.301426,0.095861,cc,12
inputs/500000_nodes_500000000_edges.txt,25,40,500000,500000000,0.294962,0.089924,cc,12
inputs/500000_nodes_500000000_edges.txt,26,40,500000,500000000,0.298371,0.093070,cc,12
inputs/500000_nodes_500000000_edges.txt,27,40,500000,500000000,0.294406,0.089164,cc,12
inputs/500000_nodes_500000000_edges.txt,28,40,500000,500000000,0.308433,0.102859,cc,12
inputs/500000_nodes_500000000_edges.txt,29,40,500000,500000000,0.298028,0.092590,cc,12
