inputs/500000_nodes_500000000_edges.txt,0,2,500000,500000000,2.049689,0.569296,cc,12
inputs/500000_nodes_500000000_edges.txt,1,2,500000,500000000,1.935182,0.464932,cc,12
inputs/500000_nodes_500000000_edges.txt,2,2,500000,500000000,1.931955,0.473706,cc,12
inputs/500000_nodes_500000000_edges.txt,3,2,500000,500000000,1.922555,0.464246,cc,12
inputs/500000_nodes_500000000_edges.txt,4,2,500000,500000000,1.923631,0.465483,cc,12
inputs/500000_nodes_500000000_edges.txt,5,2,500000,500000000,1.922174,0.463367,cc,12
inputs/500000_nodes_500000000_edges.txt,6,2,500000,500000000,1.920751,0.462097,cc,12
inputs/500000_nodes_500000000_edges.txt,7,2,500000,500000000,1.921295,0.462035,cc,12
inputs/500000_nodes_500000000_edges.txt,8,2,500000,500000000,1.920848,0.461652,cc,12
inputs/500000_nodes_500000000_edges.txt,9,2,500000,500000000,1.952337,0.493728,cc,12
inputs/500000_nodes_500000000_edges.txt,10,2,500000,500000000,1.920218,0.461396,cc,12
inputs/500000_nodes_500000000_edges.txt,11,2,500000,500000000,1.921004,0.461269,cc,12
inputs/500000_nodes_500000000_edges.txt,12,2,500000,500000000,1.918598,0.459773,cc,12
inputs/500000_nodes_500000000_edges.txt,13,2,500000,500000000,1.918737,0.463015,cc,12
inputs/500000_nodes_500000000_edges.txt,14,2,500000,500000000,1.917434,0.461684,cc,12
inputs/500000_nodes_500000000_edges.txt,15,2,500000,500000000,1.917776,0.462145,cc,12
inputs/500000_nodes_500000000_edges.txt,16,2,500000,500000000,1.920932,0.462431,cc,12
inputs/500000_nodes_500000000_edges.txt,17,2,500000,500000000,1.924535,0.466247,cc,12
inputs/500000_nodes_500000000_edges.txt,18,2,500000,500000000,1.922096,0.462680,cc,12
inputs/500000_nodes_500000000_edges.txt,19,2,500000,500000000,1.920995,0.461545,cc,12
inputs/500000_nodes_500000000_edges.txt,20,2,500000,500000000,1.923776,0.464538,cc,12
inputs/500000_nodes_500000000_edges.txt,21,2,500000,500000000,1.923534,0.466130,cc,12
inputs/500000_nodes_500000000_edges.txt,22,2,500000,500000000,1.921782,0.465081,cc,12
inputs/500000_nodes_500000000_edges.txt,23,2,500000,500000000,1.920363,0.463581,cc,12
inputs/500000_nodes_500000000_edges.txt,24,2,500000,500000000,1.925088,0.469029,cc,12
inputs/500000_nodes_500000000_edges.txt,25,2,500000,500000000,1.920557,0.465025,cc,12
inputs/500000_nodes_500000000_edges.txt,26,2,500000,500000000,1.922148,0.466372,cc,12
inputs/500000_nodes_500000000_edges.txt,27,2,500000,500000000,1.923149,0.467782,cc,12
inputs/500000_nodes_500000000_edges.txt,28,2,500000,500000000,1.924602,0.467964,cc,12
inputs/500000_nodes_500000000_edges.txt,29,2,500000,500000000,1.920750,0.464782,cc,12
