inputs/1000000_nodes_500000000_edges.txt,0,64,10000000,500000000,5.903075,0.786583,cc,350251
inputs/1000000_nodes_500000000_edges.txt,1,64,10000000,500000000,5.648486,0.601084,cc,350251
inputs/1000000_nodes_500000000_edges.txt,2,64,10000000,500000000,5.622247,0.572337,cc,350251
inputs/1000000_nodes_500000000_edges.txt,3,64,10000000,500000000,5.545747,0.496167,cc,350251
inputs/1000000_nodes_500000000_edges.txt,4,64,10000000,500000000,5.821170,0.482774,cc,350251
inputs/1000000_nodes_500000000_edges.txt,5,64,10000000,500000000,5.519166,0.479101,cc,350251
inputs/1000000_nodes_500000000_edges.txt,6,64,10000000,500000000,5.565448,0.507292,cc,350251
inputs/1000000_nodes_500000000_edges.txt,7,64,10000000,500000000,5.523828,0.473460,cc,350251
inputs/1000000_nodes_500000000_edges.txt,8,64,10000000,500000000,5.519594,0.477349,cc,350251
inputs/1000000_nodes_500000000_edges.txt,9,64,10000000,500000000,5.534863,0.471419,cc,350251
inputs/1000000_nodes_500000000_edges.txt,10,64,10000000,500000000,5.545492,0.492566,cc,350251
inputs/1000000_nodes_500000000_edges.txt,11,64,10000000,500000000,5.549577,0.493368,cc,350251
inputs/1000000_nodes_500000000_edges.txt,12,64,10000000,500000000,5.523339,0.470443,cc,350251
inputs/1000000_nodes_500000000_edges.txt,13,64,10000000,500000000,5.541518,0.467556,cc,350251
inputs/1000000_nodes_500000000_edges.txt,14,64,10000000,500000000,5.535600,0.485752,cc,350251
inputs/1000000_nodes_500000000_edges.txt,15,64,10000000,500000000,5.527030,0.475163,cc,350251
inputs/1000000_nodes_500000000_edges.txt,16,64,10000000,500000000,5.522385,0.476610,cc,350251
inputs/1000000_nodes_500000000_edges.txt,17,64,10000000,500000000,5.547933,0.497435,cc,350251
inputs/1000000_nodes_500000000_edges.txt,18,64,10000000,500000000,5.544310,0.491280,cc,350251
inputs/1000000_nodes_500000000_edges.txt,19,64,10000000,500000000,5.541389,0.478166,cc,350251
inputs/1000000_nodes_500000000_edges.txt,20,64,10000000,500000000,5.529522,0.471697,cc,350251
inputs/1000000_nodes_500000000_edges.txt,21,64,10000000,500000000,5.520167,0.472826,cc,350251
inputs/1000000_nodes_500000000_edges.txt,22,64,10000000,500000000,5.516165,0.465238,cc,350251
inputs/1000000_nodes_500000000_edges.txt,23,64,10000000,500000000,5.538133,0.476792,cc,350251
inputs/1000000_nodes_500000000_edges.txt,24,64,10000000,500000000,5.545302,0.486010,cc,350251
inputs/1000000_nodes_500000000_edges.txt,25,64,10000000,500000000,5.509677,0.466193,cc,350251
inputs/1000000_nodes_500000000_edges.txt,26,64,10000000,500000000,5.521799,0.472264,cc,350251
inputs/1000000_nodes_500000000_edges.txt,27,64,10000000,500000000,5.537164,0.487066,cc,350251
inputs/1000000_nodes_500000000_edges.txt,28,64,10000000,500000000,5.544289,0.480304,cc,350251
inputs/1000000_nodes_500000000_edges.txt,29,64,10000000,500000000,5.550389,0.486101,cc,350251
