inputs/2000000_nodes_500000000_edges.txt,0,56,20000000,500000000,11.523378,1.232353,cc,1638646
inputs/2000000_nodes_500000000_edges.txt,1,56,20000000,500000000,11.161793,0.928263,cc,1638646
inputs/2000000_nodes_500000000_edges.txt,2,56,20000000,500000000,11.061608,0.827329,cc,1638646
inputs/2000000_nodes_500000000_edges.txt,3,56,20000000,500000000,11.052344,0.821826,cc,1638646
inputs/2000000_nodes_500000000_edges.txt,4,56,20000000,500000000,11.050585,0.826289,cc,1638646
inputs/2000000_nodes_500000000_edges.txt,5,56,20000000,500000000,10.944661,0.714173,cc,1638646
inputs/2000000_nodes_500000000_edges.txt,6,56,20000000,500000000,10.936672,0.684938,cc,1638646
inputs/2000000_nodes_500000000_edges.txt,7,56,20000000,500000000,10.925174,0.683855,cc,1638646
inputs/2000000_nodes_500000000_edges.txt,8,56,20000000,500000000,10.911772,0.682716,cc,1638646
inputs/2000000_nodes_500000000_edges.txt,9,56,20000000,500000000,10.915125,0.681396,cc,1638646
inputs/2000000_nodes_500000000_edges.txt,10,56,20000000,500000000,10.930892,0.700901,cc,1638646
inputs/2000000_nodes_500000000_edges.txt,11,56,20000000,500000000,10.915480,0.688729,cc,1638646
inputs/2000000_nodes_500000000_edges.txt,12,56,20000000,500000000,10.914220,0.681518,cc,1638646
inputs/2000000_nodes_500000000_edges.txt,13,56,20000000,500000000,10.909541,0.676869,cc,1638646
inputs/2000000_nodes_500000000_edges.txt,14,56,20000000,500000000,10.912737,0.684132,cc,1638646
inputs/2000000_nodes_500000000_edges.txt,15,56,20000000,500000000,10.907026,0.679627,cc,1638646
inputs/2000000_nodes_500000000_edges.txt,16,56,20000000,500000000,10.928074,0.676554,cc,1638646
inputs/2000000_nodes_500000000_edges.txt,17,56,20000000,500000000,10.907852,0.680536,cc,1638646
inputs/2000000_nodes_500000000_edges.txt,18,56,20000000,500000000,10.945117,0.702370,cc,1638646
inputs/2000000_nodes_500000000_edges.txt,19,56,20000000,500000000,10.906479,0.684205,cc,1638646
inputs/2000000_nodes_500000000_edges.txt,20,56,20000000,500000000,10.914901,0.684770,cc,1638646
inputs/2000000_nodes_500000000_edges.txt,21,56,20000000,500000000,10.934293,0.681009,cc,1638646
inputs/2000000_nodes_500000000_edges.txt,22,56,20000000,500000000,10.903025,0.679527,cc,1638646
inputs/2000000_nodes_500000000_edges.txt,23,56,20000000,500000000,10.939776,0.697998,cc,1638646
inputs/2000000_nodes_500000000_edges.txt,24,56,20000000,500000000,10.933290,0.687373,cc,1638646
inputs/2000000_nodes_500000000_edges.txt,25,56,20000000,500000000,10.933585,0.688025,cc,1638646
inputs/2000000_nodes_500000000_edges.txt,26,56,20000000,500000000,10.928416,0.689553,cc,1638646
inputs/2000000_nodes_500000000_edges.txt,27,56,20000000,500000000,10.929248,0.685562,cc,1638646
inputs/2000000_nodes_500000000_edges.txt,28,56,20000000,500000000,10.914246,0.682676,cc,1638646
inputs/2000000_nodes_500000000_edges.txt,29,56,20000000,500000000,10.921022,0.694017,cc,1638646
