inputs/500000_nodes_500000000_edges.txt,0,32,500000,500000000,0.452594,0.219597,cc,12
inputs/500000_nodes_500000000_edges.txt,1,32,500000,500000000,0.391056,0.169619,cc,12
inputs/500000_nodes_500000000_edges.txt,2,32,500000,500000000,0.376353,0.156977,cc,12
inputs/500000_nodes_500000000_edges.txt,3,32,500000,500000000,0.378455,0.158579,cc,12
inputs/500000_nodes_500000000_edges.txt,4,32,500000,500000000,0.376235,0.157046,cc,12
inputs/500000_nodes_500000000_edges.txt,5,32,500000,500000000,0.379097,0.158757,cc,12
inputs/500000_nodes_500000000_edges.txt,6,32,500000,500000000,0.374316,0.154873,cc,12
inputs/500000_nodes_500000000_edges.txt,7,32,500000,500000000,0.376596,0.156930,cc,12
inputs/500000_nodes_500000000_edges.txt,8,32,500000,500000000,0.377580,0.156731,cc,12
inputs/500000_nodes_500000000_edges.txt,9,32,500000,500000000,0.393319,0.173332,cc,12
inputs/500000_nodes_500000000_edges.txt,10,32,500000,500000000,0.382850,0.162354,cc,12
inputs/500000_nodes_500000000_edges.txt,11,32,500000,500000000,0.376071,0.155442,cc,12
inputs/500000_nodes_500000000_edges.txt,12,32,500000,500000000,0.383650,0.163496,cc,12
inputs/500000_nodes_500000000_edges.txt,13,32,500000,500000000,0.376663,0.157060,cc,12
inputs/500000_nodes_500000000_edges.txt,14,32,500000,500000000,0.377095,0.157339,cc,12
inputs/500000_nodes_500000000_edges.txt,15,32,500000,500000000,0.380204,0.160926,cc,12
inputs/500000_nodes_500000000_edges.txt,16,32,500000,500000000,0.377051,0.156630,cc,12
inputs/500000_nodes_500000000_edges.txt,17,32,500000,500000000,0.392774,0.172885,cc,12
inputs/500000_nodes_500000000_edges.txt,18,32,500000,500000000,0.382335,0.161786,cc,12
inputs/500000_nodes_500000000_edges.txt,19,32,500000,500000000,0.363737,0.144148,cc,12
inputs/500000_nodes_500000000_edges.txt,20,32,500000,500000000,0.336500,0.116375,cc,12
inputs/500000_nodes_500000000_edges.txt,21,32,500000,500000000,0.336125,0.116499,cc,12
inputs/500000_nodes_500000000_edges.txt,22,32,500000,500000000,0.338502,0.118495,cc,12
inputs/500000_nodes_500000000_edges.txt,23,32,500000,500000000,0.336128,0.116316,cc,12
inputs/500000_nodes_500000000_edges.txt,24,32,500000,500000000,0.358570,0.137462,cc,12
inputs/500000_nodes_500000000_edges.txt,25,32,500000,500000000,0.381578,0.160995,cc,12
inputs/500000_nodes_500000000_edges.txt,26,32,500000,500000000,0.346156,0.126583,cc,12
inputs/500000_nodes_500000000_edges.txt,27,32,500000,500000000,0.338439,0.118535,cc,12
inputs/500000_nodes_500000000_edges.txt,28,32,500000,500000000,0.338047,0.118630,cc,12
inputs/500000_nodes_500000000_edges.txt,29,32,500000,500000000,0.338281,0.118624,cc,12
