inputs/500000_nodes_500000000_edges.txt,0,36,500000,500000000,0.419529,0.190669,cc,12
inputs/500000_nodes_500000000_edges.txt,1,36,500000,500000000,0.330384,0.114243,cc,12
inputs/500000_nodes_500000000_edges.txt,2,36,500000,500000000,0.317014,0.101443,cc,12
inputs/500000_nodes_500000000_edges.txt,3,36,500000,500000000,0.318036,0.102526,cc,12
inputs/500000_nodes_500000000_edges.txt,4,36,500000,500000000,0.319919,0.103821,cc,12
inputs/500000_nodes_500000000_edges.txt,5,36,500000,500000000,0.315713,0.099080,cc,12
inputs/500000_nodes_500000000_edges.txt,6,36,500000,500000000,0.320638,0.104279,cc,12
inputs/500000_nodes_500000000_edges.txt,7,36,500000,500000000,0.330743,0.115099,cc,12
inputs/500000_nodes_500000000_edges.txt,8,36,500000,500000000,0.340849,0.124965,cc,12
inputs/500000_nodes_500000000_edges.txt,9,36,500000,500000000,0.318133,0.102459,cc,12
inputs/500000_nodes_500000000_edges.txt,10,36,500000,500000000,0.316397,0.099962,cc,12
inputs/500000_nodes_500000000_edges.txt,11,36,500000,500000000,0.318605,0.102306,cc,12
inputs/500000_nodes_500000000_edges.txt,12,36,500000,500000000,0.317681,0.099950,cc,12
inputs/500000_nodes_500000000_edges.txt,13,36,500000,500000000,0.313004,0.097055,cc,12
inputs/500000_nodes_500000000_edges.txt,14,36,500000,500000000,0.329847,0.114498,cc,12
inputs/500000_nodes_500000000_edges.txt,15,36,500000,500000000,0.324659,0.108719,cc,12
inputs/500000_nodes_500000000_edges.txt,16,36,500000,500000000,0.322298,0.106359,cc,12
inputs/500000_nodes_500000000_edges.txt,17,36,500000,500000000,0.315895,0.100446,cc,12
inputs/500000_nodes_500000000_edges.txt,18,36,500000,500000000,0.316236,0.100864,cc,12
inputs/500000_nodes_500000000_edges.txt,19,36,500000,500000000,0.316103,0.100107,cc,12
inputs/500000_nodes_500000000_edges.txt,20,36,500000,500000000,0.320509,0.104286,cc,12
inputs/500000_nodes_500000000_edges.txt,21,36,500000,500000000,0.318188,0.102114,cc,12
inputs/500000_nodes_500000000_edges.txt,22,36,500000,500000000,0.318794,0.101960,cc,12
inputs/500000_nodes_500000000_edges.txt,23,36,500000,500000000,0.317579,0.101695,cc,12
inputs/500000_nodes_500000000_edges.txt,24,36,500000,500000000,0.316155,0.099665,cc,12
inputs/500000_nodes_500000000_edges.txt,25,36,500000,500000000,0.319494,0.104085,cc,12
inputs/500000_nodes_500000000_edges.txt,26,36,500000,500000000,0.315545,0.099847,cc,12
inputs/500000_nodes_500000000_edges.txt,27,36,500000,500000000,0.315701,0.099394,cc,12
inputs/500000_nodes_500000000_edges.txt,28,36,500000,500000000,0.315801,0.099242,cc,12
inputs/500000_nodes_500000000_edges.txt,29,36,500000,500000000,0.318017,0.101376,cc,12
