inputs/500000_nodes_500000000_edges.txt,0,4,500000,500000000,1.558629,0.805711,cc,12
inputs/500000_nodes_500000000_edges.txt,1,4,500000,500000000,1.187948,0.439041,cc,12
inputs/500000_nodes_500000000_edges.txt,2,4,500000,500000000,1.188012,0.439092,cc,12
inputs/500000_nodes_500000000_edges.txt,3,4,500000,500000000,1.198358,0.449733,cc,12
inputs/500000_nodes_500000000_edges.txt,4,4,500000,500000000,1.195874,0.447636,cc,12
inputs/500000_nodes_500000000_edges.txt,5,4,500000,500000000,1.204393,0.455712,cc,12
inputs/500000_nodes_500000000_edges.txt,6,4,500000,500000000,1.196553,0.447846,cc,12
inputs/500000_nodes_500000000_edges.txt,7,4,500000,500000000,1.199395,0.450775,cc,12
inputs/500000_nodes_500000000_edges.txt,8,4,500000,500000000,1.198385,0.449800,cc,12
inputs/500000_nodes_500000000_edges.txt,9,4,500000,500000000,1.202352,0.455155,cc,12
inputs/500000_nodes_500000000_edges.txt,10,4,500000,500000000,1.200049,0.451280,cc,12
inputs/500000_nodes_500000000_edges.txt,11,4,500000,500000000,1.195871,0.447492,cc,12
inputs/500000_nodes_500000000_edges.txt,12,4,500000,500000000,1.210231,0.461788,cc,12
inputs/500000_nodes_500000000_edges.txt,13,4,500000,500000000,1.200542,0.451872,cc,12
inputs/500000_nodes_500000000_edges.txt,14,4,500000,500000000,1.199780,0.450698,cc,12
inputs/500000_nodes_500000000_edges.txt,15,4,500000,500000000,1.212338,0.462803,cc,12
inputs/500000_nodes_500000000_edges.txt,16,4,500000,500000000,1.215932,0.450549,cc,12
inputs/500000_nodes_500000000_edges.txt,17,4,500000,500000000,1.223634,0.475030,cc,12
inputs/500000_nodes_500000000_edges.txt,18,4,500000,500000000,1.213397,0.464792,cc,12
inputs/500000_nodes_500000000_edges.txt,19,4,500000,500000000,1.211943,0.462919,cc,12
inputs/500000_nodes_500000000_edges.txt,20,4,500000,500000000,1.214368,0.465558,cc,12
inputs/500000_nodes_500000000_edges.txt,21,4,500000,500000000,1.216437,0.467626,cc,12
inputs/500000_nodes_500000000_edges.txt,22,4,500000,500000000,1.212346,0.463117,cc,12
inputs/500000_nodes_500000000_edges.txt,23,4,500000,500000000,1.212493,0.465324,cc,12
inputs/500000_nodes_500000000_edges.txt,24,4,500000,500000000,1.207129,0.460363,cc,12
inputs/500000_nodes_500000000_edges.txt,25,4,500000,500000000,1.217678,0.462670,cc,12
inputs/500000_nodes_500000000_edges.txt,26,4,500000,500000000,1.210070,0.461395,cc,12
inputs/500000_nodes_500000000_edges.txt,27,4,500000,500000000,1.215667,0.467072,cc,12
inputs/500000_nodes_500000000_edges.txt,28,4,500000,500000000,1.212461,0.463966,cc,12
inputs/500000_nodes_500000000_edges.txt,29,4,500000,500000000,1.238127,0.491056,cc,12
