inputs/1000000_nodes_500000000_edges.txt,0,32,10000000,500000000,5.770376,0.595881,cc,350251
inputs/1000000_nodes_500000000_edges.txt,1,32,10000000,500000000,5.584864,0.423705,cc,350251
inputs/1000000_nodes_500000000_edges.txt,2,32,10000000,500000000,5.590858,0.434777,cc,350251
inputs/1000000_nodes_500000000_edges.txt,3,32,10000000,500000000,5.615066,0.465533,cc,350251
inputs/1000000_nodes_500000000_edges.txt,4,32,10000000,500000000,5.620589,0.462112,cc,350251
inputs/1000000_nodes_500000000_edges.txt,5,32,10000000,500000000,5.616051,0.459319,cc,350251
inputs/1000000_nodes_500000000_edges.txt,6,32,10000000,500000000,5.625468,0.462880,cc,350251
inputs/1000000_nodes_500000000_edges.txt,7,32,10000000,500000000,5.600081,0.444580,cc,350251
inputs/1000000_nodes_500000000_edges.txt,8,32,10000000,500000000,5.601298,0.450044,cc,350251
inputs/1000000_nodes_500000000_edges.txt,9,32,10000000,500000000,5.608391,0.459699,cc,350251
inputs/1000000_nodes_500000000_edges.txt,10,32,10000000,500000000,5.616395,0.457772,cc,350251
inputs/1000000_nodes_500000000_edges.txt,11,32,10000000,500000000,5.607432,0.447820,cc,350251
inputs/1000000_nodes_500000000_edges.txt,12,32,10000000,500000000,5.619904,0.463350,cc,350251
inputs/1000000_nodes_500000000_edges.txt,13,32,10000000,500000000,5.606287,0.449745,cc,350251
inputs/1000000_nodes_500000000_edges.txt,14,32,10000000,500000000,5.628452,0.480538,cc,350251
inputs/1000000_nodes_500000000_edges.txt,15,32,10000000,500000000,5.611999,0.454845,cc,350251
inputs/1000000_nodes_500000000_edges.txt,16,32,10000000,500000000,5.623844,0.460389,cc,350251
inputs/1000000_nodes_500000000_edges.txt,17,32,10000000,500000000,5.614786,0.476265,cc,350251
inputs/1000000_nodes_500000000_edges.txt,18,32,10000000,500000000,5.614905,0.465762,cc,350251
inputs/1000000_nodes_500000000_edges.txt,19,32,10000000,500000000,5.609656,0.449359,cc,350251
inputs/1000000_nodes_500000000_edges.txt,20,32,10000000,500000000,5.608563,0.454795,cc,350251
inputs/1000000_nodes_500000000_edges.txt,21,32,10000000,500000000,5.601666,0.443404,cc,350251
inputs/1000000_nodes_500000000_edges.txt,22,32,10000000,500000000,5.638922,0.468078,cc,350251
inputs/1000000_nodes_500000000_edges.txt,23,32,10000000,500000000,5.616505,0.453934,cc,350251
inputs/1000000_nodes_500000000_edges.txt,24,32,10000000,500000000,5.620218,0.474431,cc,350251
inputs/1000000_nodes_500000000_edges.txt,25,32,10000000,500000000,5.593162,0.452920,cc,350251
inputs/1000000_nodes_500000000_edges.txt,26,32,10000000,500000000,5.612598,0.459508,cc,350251
inputs/1000000_nodes_500000000_edges.txt,27,32,10000000,500000000,5.594847,0.445753,cc,350251
inputs/1000000_nodes_500000000_edges.txt,28,32,10000000,500000000,5.612181,0.452488,cc,350251
inputs/1000000_nodes_500000000_edges.txt,29,32,10000000,500000000,5.612713,0.465736,cc,350251
