inputs/2000000_nodes_500000000_edges.txt,0,4,20000000,500000000,11.552678,0.602953,cc,1638646
inputs/2000000_nodes_500000000_edges.txt,1,4,20000000,500000000,11.509276,0.582777,cc,1638646
inputs/2000000_nodes_500000000_edges.txt,2,4,20000000,500000000,11.525885,0.573298,cc,1638646
inputs/2000000_nodes_500000000_edges.txt,3,4,20000000,500000000,11.512706,0.561977,cc,1638646
inputs/2000000_nodes_500000000_edges.txt,4,4,20000000,500000000,11.432420,0.565793,cc,1638646
inputs/2000000_nodes_500000000_edges.txt,5,4,20000000,500000000,11.407811,0.539228,cc,1638646
inputs/2000000_nodes_500000000_edges.txt,6,4,20000000,500000000,11.418424,0.553124,cc,1638646
inputs/2000000_nodes_500000000_edges.txt,7,4,20000000,500000000,11.403052,0.549304,cc,1638646
inputs/2000000_nodes_500000000_edges.txt,8,4,20000000,500000000,11.440400,0.538799,cc,1638646
inputs/2000000_nodes_500000000_edges.txt,9,4,20000000,500000000,11.436077,0.562731,cc,1638646
inputs/2000000_nodes_500000000_edges.txt,10,4,20000000,500000000,11.438277,0.551210,cc,1638646
inputs/2000000_nodes_500000000_edges.txt,11,4,20000000,500000000,11.432352,0.555555,cc,1638646
inputs/2000000_nodes_500000000_edges.txt,12,4,20000000,500000000,11.443961,0.552863,cc,1638646
inputs/2000000_nodes_500000000_edges.txt,13,4,20000000,500000000,11.442100,0.556706,cc,1638646
inputs/2000000_nodes_500000000_edges.txt,14,4,20000000,500000000,11.428248,0.540027,cc,1638646
inputs/2000000_nodes_500000000_edges.txt,15,4,20000000,500000000,11.438938,0.552188,cc,1638646
inputs/2000000_nodes_500000000_edges.txt,16,4,20000000,500000000,11.440053,0.555810,cc,1638646
inputs/2000000_nodes_500000000_edges.txt,17,4,20000000,500000000,11.432015,0.548915,cc,1638646
inputs/2000000_nodes_500000000_edges.txt,18,4,20000000,500000000,11.437490,0.555600,cc,1638646
inputs/2000000_nodes_500000000_edges.txt,19,4,20000000,500000000,11.420417,0.543780,cc,1638646
inputs/2000000_nodes_500000000_edges.txt,20,4,20000000,500000000,11.435236,0.551354,cc,1638646
inputs/2000000_nodes_500000000_edges.txt,21,4,20000000,500000000,11.428795,0.544283,cc,1638646
inputs/2000000_nodes_500000000_edges.txt,22,4,20000000,500000000,11.472853,0.548530,cc,1638646
inputs/2000000_nodes_500000000_edges.txt,23,4,20000000,500000000,11.435349,0.550009,cc,1638646
inputs/2000000_nodes_500000000_edges.txt,24,4,20000000,500000000,11.433448,0.551612,cc,1638646
inputs/2000000_nodes_500000000_edges.txt,25,4,20000000,500000000,11.440134,0.537129,cc,1638646
inputs/2000000_nodes_500000000_edges.txt,26,4,20000000,500000000,11.428302,0.537257,cc,1638646
inputs/2000000_nodes_500000000_edges.txt,27,4,20000000,500000000,11.442596,0.546289,cc,1638646
inputs/2000000_nodes_500000000_edges.txt,28,4,20000000,500000000,11.479215,0.587919,cc,1638646
inputs/2000000_nodes_500000000_edges.txt,29,4,20000000,500000000,11.432586,0.549437,cc,1638646
