inputs/1000000_nodes_500000000_edges.txt,0,36,10000000,500000000,5.816808,0.598189,cc,350251
inputs/1000000_nodes_500000000_edges.txt,1,36,10000000,500000000,5.675401,0.507469,cc,350251
inputs/1000000_nodes_500000000_edges.txt,2,36,10000000,500000000,5.644972,0.483339,cc,350251
inputs/1000000_nodes_500000000_edges.txt,3,36,10000000,500000000,5.672193,0.506565,cc,350251
inputs/1000000_nodes_500000000_edges.txt,4,36,10000000,500000000,5.626459,0.470760,cc,350251
inputs/1000000_nodes_500000000_edges.txt,5,36,10000000,500000000,5.653802,0.497094,cc,350251
inputs/1000000_nodes_500000000_edges.txt,6,36,10000000,500000000,5.621769,0.458738,cc,350251
inputs/1000000_nodes_500000000_edges.txt,7,36,10000000,500000000,5.663855,0.492959,cc,350251
inputs/1000000_nodes_500000000_edges.txt,8,36,10000000,500000000,5.629824,0.465819,cc,350251
inputs/1000000_nodes_500000000_edges.txt,9,36,10000000,500000000,5.650765,0.488302,cc,350251
inputs/1000000_nodes_500000000_edges.txt,10,36,10000000,500000000,5.641979,0.494566,cc,350251
inputs/1000000_nodes_500000000_edges.txt,11,36,10000000,500000000,5.623468,0.467161,cc,350251
inputs/1000000_nodes_500000000_edges.txt,12,36,10000000,500000000,5.637337,0.469680,cc,350251
inputs/1000000_nodes_500000000_edges.txt,13,36,10000000,500000000,5.636622,0.464161,cc,350251
inputs/1000000_nodes_500000000_edges.txt,14,36,10000000,500000000,5.642533,0.452436,cc,350251
inputs/1000000_nodes_500000000_edges.txt,15,36,10000000,500000000,5.638533,0.470944,cc,350251
inputs/1000000_nodes_500000000_edges.txt,16,36,10000000,500000000,5.617968,0.467622,cc,350251
inputs/1000000_nodes_500000000_edges.txt,17,36,10000000,500000000,5.654490,0.498906,cc,350251
inputs/1000000_nodes_500000000_edges.txt,18,36,10000000,500000000,5.628766,0.472347,cc,350251
inputs/1000000_nodes_500000000_edges.txt,19,36,10000000,500000000,5.616101,0.450891,cc,350251
inputs/1000000_nodes_500000000_edges.txt,20,36,10000000,500000000,5.621515,0.454890,cc,350251
inputs/1000000_nodes_500000000_edges.txt,21,36,10000000,500000000,5.617062,0.461983,cc,350251
inputs/1000000_nodes_500000000_edges.txt,22,36,10000000,500000000,5.636169,0.476206,cc,350251
inputs/1000000_nodes_500000000_edges.txt,23,36,10000000,500000000,5.644200,0.485553,cc,350251
inputs/1000000_nodes_500000000_edges.txt,24,36,10000000,500000000,5.673682,0.509512,cc,350251
inputs/1000000_nodes_500000000_edges.txt,25,36,10000000,500000000,5.613837,0.467254,cc,350251
inputs/1000000_nodes_500000000_edges.txt,26,36,10000000,500000000,5.618418,0.462648,cc,350251
inputs/1000000_nodes_500000000_edges.txt,27,36,10000000,500000000,5.623539,0.451652,cc,350251
inputs/1000000_nodes_500000000_edges.txt,28,36,10000000,500000000,5.630140,0.460419,cc,350251
inputs/1000000_nodes_500000000_edges.txt,29,36,10000000,500000000,5.671092,0.506452,cc,350251
