inputs/500000_nodes_500000000_edges.txt,0,48,500000,500000000,0.439055,0.231934,cc,12
inputs/500000_nodes_500000000_edges.txt,1,48,500000,500000000,0.301836,0.106227,cc,12
inputs/500000_nodes_500000000_edges.txt,2,48,500000,500000000,0.304098,0.109371,cc,12
inputs/500000_nodes_500000000_edges.txt,3,48,500000,500000000,0.302727,0.108561,cc,12
inputs/500000_nodes_500000000_edges.txt,4,48,500000,500000000,0.298434,0.103954,cc,12
inputs/500000_nodes_500000000_edges.txt,5,48,500000,500000000,0.308384,0.113729,cc,12
inputs/500000_nodes_500000000_edges.txt,6,48,500000,500000000,0.300436,0.106296,cc,12
inputs/500000_nodes_500000000_edges.txt,7,48,500000,500000000,0.297771,0.102667,cc,12
inputs/500000_nodes_500000000_edges.txt,8,48,500000,500000000,0.299532,0.105397,cc,12
inputs/500000_nodes_500000000_edges.txt,9,48,500000,500000000,0.298898,0.104438,cc,12
inputs/500000_nodes_500000000_edges.txt,10,48,500000,500000000,0.297055,0.101832,cc,12
inputs/500000_nodes_500000000_edges.txt,11,48,500000,500000000,0.299989,0.105940,cc,12
inputs/500000_nodes_500000000_edges.txt,12,48,500000,500000000,0.298818,0.104529,cc,12
inputs/500000_nodes_500000000_edges.txt,13,48,500000,500000000,0.299882,0.105102,cc,12
inputs/500000_nodes_500000000_edges.txt,14,48,500000,500000000,0.303128,0.108734,cc,12
inputs/500000_nodes_500000000_edges.txt,15,48,500000,500000000,0.297381,0.102426,cc,12
inputs/500000_nodes_500000000_edges.txt,16,48,500000,500000000,0.289888,0.094483,cc,12
inputs/500000_nodes_500000000_edges.txt,17,48,500000,500000000,0.287084,0.091959,cc,12
inputs/500000_nodes_500000000_edges.txt,18,48,500000,500000000,0.276137,0.080237,cc,12
inputs/500000_nodes_500000000_edges.txt,19,48,500000,500000000,0.276115,0.080621,cc,12
inputs/500000_nodes_500000000_edges.txt,20,48,500000,500000000,0.284051,0.088228,cc,12
inputs/500000_nodes_500000000_edges.txt,21,48,500000,500000000,0.280662,0.085498,cc,12
inputs/500000_nodes_500000000_edges.txt,22,48,500000,500000000,0.279791,0.084151,cc,12
inputs/500000_nodes_500000000_edges.txt,23,48,500000,500000000,0.282486,0.087505,cc,12
inputs/500000_nodes_500000000_edges.txt,24,48,500000,500000000,0.274827,0.079669,cc,12
inputs/500000_nodes_500000000_edges.txt,25,48,500000,500000000,0.279923,0.084748,cc,12
inputs/500000_nodes_500000000_edges.txt,26,48,500000,500000000,0.278922,0.083866,cc,12
inputs/500000_nodes_500000000_edges.txt,27,48,500000,500000000,0.283885,0.088688,cc,12
inputs/500000_nodes_500000000_edges.txt,28,48,500000,500000000,0.277218,0.081728,cc,12
inputs/500000_nodes_500000000_edges.txt,29,48,500000,500000000,0.277192,0.082232,cc,12
