inputs/500000_nodes_500000000_edges.txt,0,24,500000,500000000,0.807651,0.559122,cc,12
inputs/500000_nodes_500000000_edges.txt,1,24,500000,500000000,0.360085,0.128928,cc,12
inputs/500000_nodes_500000000_edges.txt,2,24,500000,500000000,0.362690,0.132215,cc,12
inputs/500000_nodes_500000000_edges.txt,3,24,500000,500000000,0.362543,0.131764,cc,12
inputs/500000_nodes_500000000_edges.txt,4,24,500000,500000000,0.360642,0.129644,cc,12
inputs/500000_nodes_500000000_edges.txt,5,24,500000,500000000,0.384776,0.153527,cc,12
inputs/500000_nodes_500000000_edges.txt,6,24,500000,500000000,0.369350,0.138291,cc,12
inputs/500000_nodes_500000000_edges.txt,7,24,500000,500000000,0.363046,0.132912,cc,12
inputs/500000_nodes_500000000_edges.txt,8,24,500000,500000000,0.363253,0.132613,cc,12
inputs/500000_nodes_500000000_edges.txt,9,24,500000,500000000,0.368029,0.137564,cc,12
inputs/500000_nodes_500000000_edges.txt,10,24,500000,500000000,0.364372,0.133368,cc,12
inputs/500000_nodes_500000000_edges.txt,11,24,500000,500000000,0.372449,0.142007,cc,12
inputs/500000_nodes_500000000_edges.txt,12,24,500000,500000000,0.370760,0.140077,cc,12
inputs/500000_nodes_500000000_edges.txt,13,24,500000,500000000,0.370246,0.139024,cc,12
inputs/500000_nodes_500000000_edges.txt,14,24,500000,500000000,0.368120,0.137125,cc,12
inputs/500000_nodes_500000000_edges.txt,15,24,500000,500000000,0.367239,0.136856,cc,12
inputs/500000_nodes_500000000_edges.txt,16,24,500000,500000000,0.371266,0.140771,cc,12
inputs/500000_nodes_500000000_edges.txt,17,24,500000,500000000,0.376134,0.144366,cc,12
inputs/500000_nodes_500000000_edges.txt,18,24,500000,500000000,0.364874,0.133533,cc,12
inputs/500000_nodes_500000000_edges.txt,19,24,500000,500000000,0.362764,0.131510,cc,12
inputs/500000_nodes_500000000_edges.txt,20,24,500000,500000000,0.368423,0.137527,cc,12
inputs/500000_nodes_500000000_edges.txt,21,24,500000,500000000,0.365983,0.134311,cc,12
inputs/500000_nodes_500000000_edges.txt,22,24,500000,500000000,0.376802,0.146039,cc,12
inputs/500000_nodes_500000000_edges.txt,23,24,500000,500000000,0.367697,0.137132,cc,12
inputs/500000_nodes_500000000_edges.txt,24,24,500000,500000000,0.366361,0.134989,cc,12
inputs/500000_nodes_500000000_edges.txt,25,24,500000,500000000,0.364902,0.134358,cc,12
inputs/500000_nodes_500000000_edges.txt,26,24,500000,500000000,0.362810,0.132065,cc,12
inputs/500000_nodes_500000000_edges.txt,27,24,500000,500000000,0.363579,0.132315,cc,12
inputs/500000_nodes_500000000_edges.txt,28,24,500000,500000000,0.367625,0.136972,cc,12
inputs/500000_nodes_500000000_edges.txt,29,24,500000,500000000,0.362239,0.131328,cc,12
