inputs/500000_nodes_500000000_edges.txt,0,60,500000,500000000,0.400781,0.202129,cc,12
inputs/500000_nodes_500000000_edges.txt,1,60,500000,500000000,0.272380,0.084975,cc,12
inputs/500000_nodes_500000000_edges.txt,2,60,500000,500000000,0.269208,0.083088,cc,12
inputs/500000_nodes_500000000_edges.txt,3,60,500000,500000000,0.267493,0.081572,cc,12
inputs/500000_nodes_500000000_edges.txt,4,60,500000,500000000,0.259150,0.073262,cc,12
inputs/500000_nodes_500000000_edges.txt,5,60,500000,500000000,0.265928,0.079840,cc,12
inputs/500000_nodes_500000000_edges.txt,6,60,500000,500000000,0.263355,0.076688,cc,12
inputs/500000_nodes_500000000_edges.txt,7,60,500000,500000000,0.264559,0.078640,cc,12
inputs/500000_nodes_500000000_edges.txt,8,60,500000,500000000,0.272190,0.085730,cc,12
inputs/500000_nodes_500000000_edges.txt,9,60,500000,500000000,0.269812,0.083666,cc,12
inputs/500000_nodes_500000000_edges.txt,10,60,500000,500000000,0.264750,0.078979,cc,12
inputs/500000_nodes_500000000_edges.txt,11,60,500000,500000000,0.263988,0.077704,cc,12
inputs/500000_nodes_500000000_edges.txt,12,60,500000,500000000,0.269776,0.083857,cc,12
inputs/500000_nodes_500000000_edges.txt,13,60,500000,500000000,0.260135,0.074067,cc,12
inputs/500000_nodes_500000000_edges.txt,14,60,500000,500000000,0.267743,0.081381,cc,12
inputs/500000_nodes_500000000_edges.txt,15,60,500000,500000000,0.272694,0.087082,cc,12
inputs/500000_nodes_500000000_edges.txt,16,60,500000,500000000,0.264137,0.077485,cc,12
inputs/500000_nodes_500000000_edges.txt,17,60,500000,500000000,0.262323,0.076623,cc,12
inputs/500000_nodes_500000000_edges.txt,18,60,500000,500000000,0.267804,0.081481,cc,12
inputs/500000_nodes_500000000_edges.txt,19,60,500000,500000000,0.264765,0.078691,cc,12
inputs/500000_nodes_500000000_edges.txt,20,60,500000,500000000,0.273895,0.087908,cc,12
inputs/500000_nodes_500000000_edges.txt,21,60,500000,500000000,0.274743,0.088985,cc,12
inputs/500000_nodes_500000000_edges.txt,22,60,500000,500000000,0.266923,0.080916,cc,12
inputs/500000_nodes_500000000_edges.txt,23,60,500000,500000000,0.266316,0.079796,cc,12
inputs/500000_nodes_500000000_edges.txt,24,60,500000,500000000,0.278743,0.092610,cc,12
inputs/500000_nodes_500000000_edges.txt,25,60,500000,500000000,0.267684,0.081518,cc,12
inputs/500000_nodes_500000000_edges.txt,26,60,500000,500000000,0.267811,0.081396,cc,12
inputs/500000_nodes_500000000_edges.txt,27,60,500000,500000000,0.266420,0.079029,cc,12
inputs/500000_nodes_500000000_edges.txt,28,60,500000,500000000,0.268748,0.081599,cc,12
inputs/500000_nodes_500000000_edges.txt,29,60,500000,500000000,0.258658,0.071145,cc,12
