inputs/500000_nodes_500000000_edges.txt,0,52,500000,500000000,0.360795,0.154646,cc,12
inputs/500000_nodes_500000000_edges.txt,1,52,500000,500000000,0.288637,0.092904,cc,12
inputs/500000_nodes_500000000_edges.txt,2,52,500000,500000000,0.286601,0.092406,cc,12
inputs/500000_nodes_500000000_edges.txt,3,52,500000,500000000,0.278219,0.084368,cc,12
inputs/500000_nodes_500000000_edges.txt,4,52,500000,500000000,0.283607,0.089331,cc,12
inputs/500000_nodes_500000000_edges.txt,5,52,500000,500000000,0.283993,0.089343,cc,12
inputs/500000_nodes_500000000_edges.txt,6,52,500000,500000000,0.284786,0.091016,cc,12
inputs/500000_nodes_500000000_edges.txt,7,52,500000,500000000,0.298603,0.104504,cc,12
inputs/500000_nodes_500000000_edges.txt,8,52,500000,500000000,0.278368,0.084430,cc,12
inputs/500000_nodes_500000000_edges.txt,9,52,500000,500000000,0.280416,0.086184,cc,12
inputs/500000_nodes_500000000_edges.txt,10,52,500000,500000000,0.281760,0.086923,cc,12
inputs/500000_nodes_500000000_edges.txt,11,52,500000,500000000,0.285410,0.091265,cc,12
inputs/500000_nodes_500000000_edges.txt,12,52,500000,500000000,0.280434,0.086345,cc,12
inputs/500000_nodes_500000000_edges.txt,13,52,500000,500000000,0.283082,0.089284,cc,12
inputs/500000_nodes_500000000_edges.txt,14,52,500000,500000000,0.285817,0.091329,cc,12
inputs/500000_nodes_500000000_edges.txt,15,52,500000,500000000,0.285714,0.091309,cc,12
inputs/500000_nodes_500000000_edges.txt,16,52,500000,500000000,0.278065,0.084027,cc,12
inputs/500000_nodes_500000000_edges.txt,17,52,500000,500000000,0.279549,0.085563,cc,12
inputs/500000_nodes_500000000_edges.txt,18,52,500000,500000000,0.278400,0.083959,cc,12
inputs/500000_nodes_500000000_edges.txt,19,52,500000,500000000,0.275409,0.080880,cc,12
inputs/500000_nodes_500000000_edges.txt,20,52,500000,500000000,0.284231,0.089701,cc,12
inputs/500000_nodes_500000000_edges.txt,21,52,500000,500000000,0.280430,0.085932,cc,12
inputs/500000_nodes_500000000_edges.txt,22,52,500000,500000000,0.278099,0.083995,cc,12
inputs/500000_nodes_500000000_edges.txt,23,52,500000,500000000,0.290423,0.096542,cc,12
inputs/500000_nodes_500000000_edges.txt,24,52,500000,500000000,0.291082,0.097091,cc,12
inputs/500000_nodes_500000000_edges.txt,25,52,500000,500000000,0.293015,0.098889,cc,12
inputs/500000_nodes_500000000_edges.txt,26,52,500000,500000000,0.280439,0.085778,cc,12
inputs/500000_nodes_500000000_edges.txt,27,52,500000,500000000,0.281285,0.085779,cc,12
inputs/500000_nodes_500000000_edges.txt,28,52,500000,500000000,0.287220,0.092492,cc,12
inputs/500000_nodes_500000000_edges.txt,29,52,500000,500000000,0.279511,0.085004,cc,12
