inputs/1000000_nodes_500000000_edges.txt,0,16,10000000,500000000,5.601689,0.493870,cc,350251
inputs/1000000_nodes_500000000_edges.txt,1,16,10000000,500000000,5.477739,0.387181,cc,350251
inputs/1000000_nodes_500000000_edges.txt,2,16,10000000,500000000,5.468200,0.397090,cc,350251
inputs/1000000_nodes_500000000_edges.txt,3,16,10000000,500000000,5.482433,0.406980,cc,350251
inputs/1000000_nodes_500000000_edges.txt,4,16,10000000,500000000,5.459758,0.402825,cc,350251
inputs/1000000_nodes_500000000_edges.txt,5,16,10000000,500000000,5.483618,0.397403,cc,350251
inputs/1000000_nodes_500000000_edges.txt,6,16,10000000,500000000,5.459718,0.390093,cc,350251
inputs/1000000_nodes_500000000_edges.txt,7,16,10000000,500000000,5.489231,0.396724,cc,350251
inputs/1000000_nodes_500000000_edges.txt,8,16,10000000,500000000,5.477883,0.406761,cc,350251
inputs/1000000_nodes_500000000_edges.txt,9,16,10000000,500000000,5.486635,0.393521,cc,350251
inputs/1000000_nodes_500000000_edges.txt,10,16,10000000,500000000,5.475481,0.401765,cc,350251
inputs/1000000_nodes_500000000_edges.txt,11,16,10000000,500000000,5.496927,0.407313,cc,350251
inputs/1000000_nodes_500000000_edges.txt,12,16,10000000,500000000,5.457472,0.396836,cc,350251
inputs/1000000_nodes_500000000_edges.txt,13,16,10000000,500000000,5.496593,0.394473,cc,350251
inputs/1000000_nodes_500000000_edges.txt,14,16,10000000,500000000,5.485695,0.412958,cc,350251
inputs/1000000_nodes_500000000_edges.txt,15,16,10000000,500000000,5.511341,0.411294,cc,350251
inputs/1000000_nodes_500000000_edges.txt,16,16,10000000,500000000,5.465383,0.401597,cc,350251
inputs/1000000_nodes_500000000_edges.txt,17,16,10000000,500000000,5.500802,0.413611,cc,350251
inputs/1000000_nodes_500000000_edges.txt,18,16,10000000,500000000,5.464775,0.397326,cc,350251
inputs/1000000_nodes_500000000_edges.txt,19,16,10000000,500000000,5.492645,0.415627,cc,350251
inputs/1000000_nodes_500000000_edges.txt,20,16,10000000,500000000,5.476577,0.397356,cc,350251
inputs/1000000_nodes_500000000_edges.txt,21,16,10000000,500000000,5.489357,0.404547,cc,350251
inputs/1000000_nodes_500000000_edges.txt,22,16,10000000,500000000,5.479920,0.400520,cc,350251
inputs/1000000_nodes_500000000_edges.txt,23,16,10000000,500000000,5.489920,0.403502,cc,350251
inputs/1000000_nodes_500000000_edges.txt,24,16,10000000,500000000,5.478412,0.407783,cc,350251
inputs/1000000_nodes_500000000_edges.txt,25,16,10000000,500000000,5.500193,0.411547,cc,350251
inputs/1000000_nodes_500000000_edges.txt,26,16,10000000,500000000,5.475996,0.387047,cc,350251
inputs/1000000_nodes_500000000_edges.txt,27,16,10000000,500000000,5.497531,0.410226,cc,350251
inputs/1000000_nodes_500000000_edges.txt,28,16,10000000,500000000,5.464544,0.395511,cc,350251
inputs/1000000_nodes_500000000_edges.txt,29,16,10000000,500000000,5.511528,0.416797,cc,350251
