inputs/2000000_nodes_500000000_edges.txt,0,12,20000000,500000000,10.727485,0.643546,cc,1638646
inputs/2000000_nodes_500000000_edges.txt,1,12,20000000,500000000,10.862843,0.721833,cc,1638646
inputs/2000000_nodes_500000000_edges.txt,2,12,20000000,500000000,10.763525,0.611476,cc,1638646
inputs/2000000_nodes_500000000_edges.txt,3,12,20000000,500000000,10.674313,0.620612,cc,1638646
inputs/2000000_nodes_500000000_edges.txt,4,12,20000000,500000000,10.672742,0.602447,cc,1638646
inputs/2000000_nodes_500000000_edges.txt,5,12,20000000,500000000,10.663101,0.605613,cc,1638646
inputs/2000000_nodes_500000000_edges.txt,6,12,20000000,500000000,10.673442,0.603490,cc,1638646
inputs/2000000_nodes_500000000_edges.txt,7,12,20000000,500000000,10.654801,0.597683,cc,1638646
inputs/2000000_nodes_500000000_edges.txt,8,12,20000000,500000000,10.658918,0.601845,cc,1638646
inputs/2000000_nodes_500000000_edges.txt,9,12,20000000,500000000,10.657234,0.585402,cc,1638646
inputs/2000000_nodes_500000000_edges.txt,10,12,20000000,500000000,10.666596,0.604178,cc,1638646
inputs/2000000_nodes_500000000_edges.txt,11,12,20000000,500000000,10.665351,0.597510,cc,1638646
inputs/2000000_nodes_500000000_edges.txt,12,12,20000000,500000000,10.645058,0.587619,cc,1638646
inputs/2000000_nodes_500000000_edges.txt,13,12,20000000,500000000,10.692423,0.618033,cc,1638646
inputs/2000000_nodes_500000000_edges.txt,14,12,20000000,500000000,10.701307,0.633462,cc,1638646
inputs/2000000_nodes_500000000_edges.txt,15,12,20000000,500000000,10.731510,0.669624,cc,1638646
inputs/2000000_nodes_500000000_edges.txt,16,12,20000000,500000000,10.744578,0.671223,cc,1638646
inputs/2000000_nodes_500000000_edges.txt,17,12,20000000,500000000,10.742730,0.669670,cc,1638646
inputs/2000000_nodes_500000000_edges.txt,18,12,20000000,500000000,10.792252,0.684447,cc,1638646
inputs/2000000_nodes_500000000_edges.txt,19,12,20000000,500000000,10.752003,0.673532,cc,1638646
inputs/2000000_nodes_500000000_edges.txt,20,12,20000000,500000000,10.783161,0.722812,cc,1638646
inputs/2000000_nodes_500000000_edges.txt,21,12,20000000,500000000,10.754630,0.690647,cc,1638646
inputs/2000000_nodes_500000000_edges.txt,22,12,20000000,500000000,10.744396,0.672089,cc,1638646
inputs/2000000_nodes_500000000_edges.txt,23,12,20000000,500000000,10.738772,0.680991,cc,1638646
inputs/2000000_nodes_500000000_edges.txt,24,12,20000000,500000000,10.769772,0.711729,cc,1638646
inputs/2000000_nodes_500000000_edges.txt,25,12,20000000,500000000,10.745801,0.688562,cc,1638646
inputs/2000000_nodes_500000000_edges.txt,26,12,20000000,500000000,10.746837,0.672356,cc,1638646
inputs/2000000_nodes_500000000_edges.txt,27,12,20000000,500000000,10.756311,0.683716,cc,1638646
inputs/2000000_nodes_500000000_edges.txt,28,12,20000000,500000000,10.755825,0.703069,cc,1638646
inputs/2000000_nodes_500000000_edges.txt,29,12,20000000,500000000,10.738349,0.683126,cc,1638646
