inputs/2000000_nodes_500000000_edges.txt,0,64,20000000,500000000,11.609108,1.356379,cc,1638646
inputs/2000000_nodes_500000000_edges.txt,1,64,20000000,500000000,11.229954,1.023487,cc,1638646
inputs/2000000_nodes_500000000_edges.txt,2,64,20000000,500000000,11.219329,1.007084,cc,1638646
inputs/2000000_nodes_500000000_edges.txt,3,64,20000000,500000000,11.095085,0.887980,cc,1638646
inputs/2000000_nodes_500000000_edges.txt,4,64,20000000,500000000,11.012302,0.805077,cc,1638646
inputs/2000000_nodes_500000000_edges.txt,5,64,20000000,500000000,11.014980,0.801800,cc,1638646
inputs/2000000_nodes_500000000_edges.txt,6,64,20000000,500000000,11.024853,0.805970,cc,1638646
inputs/2000000_nodes_500000000_edges.txt,7,64,20000000,500000000,11.008510,0.805041,cc,1638646
inputs/2000000_nodes_500000000_edges.txt,8,64,20000000,500000000,11.001936,0.794192,cc,1638646
inputs/2000000_nodes_500000000_edges.txt,9,64,20000000,500000000,11.008185,0.801336,cc,1638646
inputs/2000000_nodes_500000000_edges.txt,10,64,20000000,500000000,11.003921,0.801239,cc,1638646
inputs/2000000_nodes_500000000_edges.txt,11,64,20000000,500000000,11.027297,0.801703,cc,1638646
inputs/2000000_nodes_500000000_edges.txt,12,64,20000000,500000000,10.994787,0.796059,cc,1638646
inputs/2000000_nodes_500000000_edges.txt,13,64,20000000,500000000,10.998356,0.806847,cc,1638646
inputs/2000000_nodes_500000000_edges.txt,14,64,20000000,500000000,11.025637,0.799457,cc,1638646
inputs/2000000_nodes_500000000_edges.txt,15,64,20000000,500000000,11.285561,0.812876,cc,1638646
inputs/2000000_nodes_500000000_edges.txt,16,64,20000000,500000000,11.006704,0.801749,cc,1638646
inputs/2000000_nodes_500000000_edges.txt,17,64,20000000,500000000,11.004633,0.803265,cc,1638646
inputs/2000000_nodes_500000000_edges.txt,18,64,20000000,500000000,11.015646,0.814812,cc,1638646
inputs/2000000_nodes_500000000_edges.txt,19,64,20000000,500000000,11.008591,0.814005,cc,1638646
inputs/2000000_nodes_500000000_edges.txt,20,64,20000000,500000000,11.013494,0.804466,cc,1638646
inputs/2000000_nodes_500000000_edges.txt,21,64,20000000,500000000,11.009311,0.804128,cc,1638646
inputs/2000000_nodes_500000000_edges.txt,22,64,20000000,500000000,11.002940,0.800445,cc,1638646
inputs/2000000_nodes_500000000_edges.txt,23,64,20000000,500000000,11.023181,0.820152,cc,1638646
inputs/2000000_nodes_500000000_edges.txt,24,64,20000000,500000000,11.025997,0.811369,cc,1638646
inputs/2000000_nodes_500000000_edges.txt,25,64,20000000,500000000,11.046375,0.835774,cc,1638646
inputs/2000000_nodes_500000000_edges.txt,26,64,20000000,500000000,11.012030,0.802123,cc,1638646
inputs/2000000_nodes_500000000_edges.txt,27,64,20000000,500000000,11.027252,0.798556,cc,1638646
inputs/2000000_nodes_500000000_edges.txt,28,64,20000000,500000000,11.004803,0.805037,cc,1638646
inputs/2000000_nodes_500000000_edges.txt,29,64,20000000,500000000,11.029365,0.801288,cc,1638646
