inputs/500000_nodes_500000000_edges.txt,0,20,500000,500000000,0.546417,0.284304,cc,12
inputs/500000_nodes_500000000_edges.txt,1,20,500000,500000000,0.413924,0.170483,cc,12
inputs/500000_nodes_500000000_edges.txt,2,20,500000,500000000,0.408854,0.165800,cc,12
inputs/500000_nodes_500000000_edges.txt,3,20,500000,500000000,0.415528,0.172775,cc,12
inputs/500000_nodes_500000000_edges.txt,4,20,500000,500000000,0.434086,0.191403,cc,12
inputs/500000_nodes_500000000_edges.txt,5,20,500000,500000000,0.412624,0.170125,cc,12
inputs/500000_nodes_500000000_edges.txt,6,20,500000,500000000,0.412318,0.168529,cc,12
inputs/500000_nodes_500000000_edges.txt,7,20,500000,500000000,0.425177,0.181705,cc,12
inputs/500000_nodes_500000000_edges.txt,8,20,500000,500000000,0.418475,0.175185,cc,12
inputs/500000_nodes_500000000_edges.txt,9,20,500000,500000000,0.414461,0.171909,cc,12
inputs/500000_nodes_500000000_edges.txt,10,20,500000,500000000,0.426653,0.183867,cc,12
inputs/500000_nodes_500000000_edges.txt,11,20,500000,500000000,0.417354,0.174271,cc,12
inputs/500000_nodes_500000000_edges.txt,12,20,500000,500000000,0.413648,0.170661,cc,12
inputs/500000_nodes_500000000_edges.txt,13,20,500000,500000000,0.414186,0.171648,cc,12
inputs/500000_nodes_500000000_edges.txt,14,20,500000,500000000,0.425004,0.181821,cc,12
inputs/500000_nodes_500000000_edges.txt,15,20,500000,500000000,0.414881,0.171765,cc,12
inputs/500000_nodes_500000000_edges.txt,16,20,500000,500000000,0.412993,0.170186,cc,12
inputs/500000_nodes_500000000_edges.txt,17,20,500000,500000000,0.413478,0.170886,cc,12
inputs/500000_nodes_500000000_edges.txt,18,20,500000,500000000,0.417981,0.174851,cc,12
inputs/500000_nodes_500000000_edges.txt,19,20,500000,500000000,0.412581,0.169756,cc,12
inputs/500000_nodes_500000000_edges.txt,20,20,500000,500000000,0.416310,0.173604,cc,12
inputs/500000_nodes_500000000_edges.txt,21,20,500000,500000000,0.417148,0.174202,cc,12
inputs/500000_nodes_500000000_edges.txt,22,20,500000,500000000,0.426431,0.183702,cc,12
inputs/500000_nodes_500000000_edges.txt,23,20,500000,500000000,0.416916,0.174336,cc,12
inputs/500000_nodes_500000000_edges.txt,24,20,500000,500000000,0.414867,0.171005,cc,12
inputs/500000_nodes_500000000_edges.txt,25,20,500000,500000000,0.422096,0.179015,cc,12
inputs/500000_nodes_500000000_edges.txt,26,20,500000,500000000,0.414159,0.170911,cc,12
inputs/500000_nodes_500000000_edges.txt,27,20,500000,500000000,0.420464,0.178059,cc,12
inputs/500000_nodes_500000000_edges.txt,28,20,500000,500000000,0.413686,0.170387,cc,12
inputs/500000_nodes_500000000_edges.txt,29,20,500000,500000000,0.419411,0.176545,cc,12
