inputs/1000000_nodes_500000000_edges.txt,0,60,10000000,500000000,5.873828,0.716874,cc,350251
inputs/1000000_nodes_500000000_edges.txt,1,60,10000000,500000000,5.624543,0.562832,cc,350251
inputs/1000000_nodes_500000000_edges.txt,2,60,10000000,500000000,5.610534,0.551842,cc,350251
inputs/1000000_nodes_500000000_edges.txt,3,60,10000000,500000000,5.565668,0.514381,cc,350251
inputs/1000000_nodes_500000000_edges.txt,4,60,10000000,500000000,5.553899,0.494257,cc,350251
inputs/1000000_nodes_500000000_edges.txt,5,60,10000000,500000000,5.507334,0.454758,cc,350251
inputs/1000000_nodes_500000000_edges.txt,6,60,10000000,500000000,5.508737,0.456349,cc,350251
inputs/1000000_nodes_500000000_edges.txt,7,60,10000000,500000000,5.530009,0.468231,cc,350251
inputs/1000000_nodes_500000000_edges.txt,8,60,10000000,500000000,5.535237,0.466600,cc,350251
inputs/1000000_nodes_500000000_edges.txt,9,60,10000000,500000000,5.541371,0.489104,cc,350251
inputs/1000000_nodes_500000000_edges.txt,10,60,10000000,500000000,5.530048,0.471813,cc,350251
inputs/1000000_nodes_500000000_edges.txt,11,60,10000000,500000000,5.524544,0.461235,cc,350251
inputs/1000000_nodes_500000000_edges.txt,12,60,10000000,500000000,5.531055,0.479600,cc,350251
inputs/1000000_nodes_500000000_edges.txt,13,60,10000000,500000000,5.521782,0.464552,cc,350251
inputs/1000000_nodes_500000000_edges.txt,14,60,10000000,500000000,5.531313,0.466823,cc,350251
inputs/1000000_nodes_500000000_edges.txt,15,60,10000000,500000000,5.533957,0.470363,cc,350251
inputs/1000000_nodes_500000000_edges.txt,16,60,10000000,500000000,5.533839,0.481246,cc,350251
inputs/1000000_nodes_500000000_edges.txt,17,60,10000000,500000000,5.525010,0.464350,cc,350251
inputs/1000000_nodes_500000000_edges.txt,18,60,10000000,500000000,5.583691,0.517383,cc,350251
inputs/1000000_nodes_500000000_edges.txt,19,60,10000000,500000000,5.529867,0.467024,cc,350251
inputs/1000000_nodes_500000000_edges.txt,20,60,10000000,500000000,5.529628,0.463106,cc,350251
inputs/1000000_nodes_500000000_edges.txt,21,60,10000000,500000000,5.564969,0.507662,cc,350251
inputs/1000000_nodes_500000000_edges.txt,22,60,10000000,500000000,5.523124,0.465565,cc,350251
inputs/1000000_nodes_500000000_edges.txt,23,60,10000000,500000000,5.541982,0.474300,cc,350251
inputs/1000000_nodes_500000000_edges.txt,24,60,10000000,500000000,5.526523,0.465474,cc,350251
inputs/1000000_nodes_500000000_edges.txt,25,60,10000000,500000000,5.532704,0.477474,cc,350251
inputs/1000000_nodes_500000000_edges.txt,26,60,10000000,500000000,5.527473,0.461363,cc,350251
inputs/1000000_nodes_500000000_edges.txt,27,60,10000000,500000000,5.512636,0.459702,cc,350251
inputs/1000000_nodes_500000000_edges.txt,28,60,10000000,500000000,5.543990,0.475498,cc,350251
inputs/1000000_nodes_500000000_edges.txt,29,60,10000000,500000000,5.544439,0.467260,cc,350251
