inputs/2000000_nodes_500000000_edges.txt,0,18,20000000,500000000,11.998229,1.104304,cc,1638646
inputs/2000000_nodes_500000000_edges.txt,1,18,20000000,500000000,12.145223,1.118149,cc,1638646
inputs/2000000_nodes_500000000_edges.txt,2,18,20000000,500000000,11.711193,0.910522,cc,1638646
inputs/2000000_nodes_500000000_edges.txt,3,18,20000000,500000000,11.672465,0.913199,cc,1638646
inputs/2000000_nodes_500000000_edges.txt,4,18,20000000,500000000,11.773402,0.957753,cc,1638646
inputs/2000000_nodes_500000000_edges.txt,5,18,20000000,500000000,11.699815,0.912683,cc,1638646
inputs/2000000_nodes_500000000_edges.txt,6,18,20000000,500000000,11.708688,0.932882,cc,1638646
inputs/2000000_nodes_500000000_edges.txt,7,18,20000000,500000000,11.698550,0.916537,cc,1638646
inputs/2000000_nodes_500000000_edges.txt,8,18,20000000,500000000,11.677176,0.914987,cc,1638646
inputs/2000000_nodes_500000000_edges.txt,9,18,20000000,500000000,11.677587,0.911130,cc,1638646
