inputs/1000000_nodes_500000000_edges.txt,0,48,10000000,500000000,5.908870,0.732583,cc,350251
inputs/1000000_nodes_500000000_edges.txt,1,48,10000000,500000000,5.592409,0.530292,cc,350251
inputs/1000000_nodes_500000000_edges.txt,2,48,10000000,500000000,5.575598,0.515322,cc,350251
inputs/1000000_nodes_500000000_edges.txt,3,48,10000000,500000000,5.582917,0.521807,cc,350251
inputs/1000000_nodes_500000000_edges.txt,4,48,10000000,500000000,5.587632,0.514993,cc,350251
inputs/1000000_nodes_500000000_edges.txt,5,48,10000000,500000000,5.573717,0.504857,cc,350251
inputs/1000000_nodes_500000000_edges.txt,6,48,10000000,500000000,5.575874,0.504544,cc,350251
inputs/1000000_nodes_500000000_edges.txt,7,48,10000000,500000000,5.562731,0.504869,cc,350251
inputs/1000000_nodes_500000000_edges.txt,8,48,10000000,500000000,5.565292,0.507265,cc,350251
inputs/1000000_nodes_500000000_edges.txt,9,48,10000000,500000000,5.556031,0.490967,cc,350251
inputs/1000000_nodes_500000000_edges.txt,10,48,10000000,500000000,5.573851,0.508899,cc,350251
inputs/1000000_nodes_500000000_edges.txt,11,48,10000000,500000000,5.575758,0.503421,cc,350251
inputs/1000000_nodes_500000000_edges.txt,12,48,10000000,500000000,5.571342,0.502262,cc,350251
inputs/1000000_nodes_500000000_edges.txt,13,48,10000000,500000000,5.572987,0.505727,cc,350251
inputs/1000000_nodes_500000000_edges.txt,14,48,10000000,500000000,5.561127,0.493956,cc,350251
inputs/1000000_nodes_500000000_edges.txt,15,48,10000000,500000000,5.584677,0.509532,cc,350251
inputs/1000000_nodes_500000000_edges.txt,16,48,10000000,500000000,5.573015,0.503011,cc,350251
inputs/1000000_nodes_500000000_edges.txt,17,48,10000000,500000000,5.588831,0.520056,cc,350251
inputs/1000000_nodes_500000000_edges.txt,18,48,10000000,500000000,5.569533,0.492502,cc,350251
inputs/1000000_nodes_500000000_edges.txt,19,48,10000000,500000000,5.556067,0.485049,cc,350251
inputs/1000000_nodes_500000000_edges.txt,20,48,10000000,500000000,5.577944,0.500292,cc,350251
inputs/1000000_nodes_500000000_edges.txt,21,48,10000000,500000000,5.568240,0.495226,cc,350251
inputs/1000000_nodes_500000000_edges.txt,22,48,10000000,500000000,5.602801,0.512270,cc,350251
inputs/1000000_nodes_500000000_edges.txt,23,48,10000000,500000000,5.549553,0.497010,cc,350251
inputs/1000000_nodes_500000000_edges.txt,24,48,10000000,500000000,5.585448,0.518973,cc,350251
inputs/1000000_nodes_500000000_edges.txt,25,48,10000000,500000000,5.564731,0.489320,cc,350251
inputs/1000000_nodes_500000000_edges.txt,26,48,10000000,500000000,5.570548,0.497353,cc,350251
inputs/1000000_nodes_500000000_edges.txt,27,48,10000000,500000000,5.589233,0.517790,cc,350251
inputs/1000000_nodes_500000000_edges.txt,28,48,10000000,500000000,5.554916,0.494497,cc,350251
inputs/1000000_nodes_500000000_edges.txt,29,48,10000000,500000000,5.579029,0.509709,cc,350251
