inputs/2000000_nodes_500000000_edges.txt,0,28,20000000,500000000,11.263519,0.831858,cc,1638646
inputs/2000000_nodes_500000000_edges.txt,1,28,20000000,500000000,11.074535,0.762628,cc,1638646
inputs/2000000_nodes_500000000_edges.txt,2,28,20000000,500000000,10.963788,0.639633,cc,1638646
inputs/2000000_nodes_500000000_edges.txt,3,28,20000000,500000000,10.961851,0.639877,cc,1638646
inputs/2000000_nodes_500000000_edges.txt,4,28,20000000,500000000,10.974735,0.642205,cc,1638646
inputs/2000000_nodes_500000000_edges.txt,5,28,20000000,500000000,10.979303,0.637922,cc,1638646
inputs/2000000_nodes_500000000_edges.txt,6,28,20000000,500000000,10.974897,0.653349,cc,1638646
inputs/2000000_nodes_500000000_edges.txt,7,28,20000000,500000000,10.943474,0.638832,cc,1638646
inputs/2000000_nodes_500000000_edges.txt,8,28,20000000,500000000,10.964872,0.650360,cc,1638646
inputs/2000000_nodes_500000000_edges.txt,9,28,20000000,500000000,10.953499,0.636942,cc,1638646
